0 0.1619047619047619 0.0021645021645021645 0.1950937950937951 0.22077922077922077 0.07748917748917748 0.2608225108225108 0.0010101010101010064 0.2564935064935065 0.0017316017316017255 0.006493506493506494
0 0.1647907647907648 0.0021645021645021645 0.19365079365079363 0.2261904761904762 0.3372294372294372 0.2251082251082251 0.3242424242424242 0.0021645021645021645
0 0.3227994227994228 0.005411255411255411 0.33578643578643574 0.22402597402597402 0.48152958152958153 0.2251082251082251 0.47720057720057724 0.003246753246753247
0 0.4793650793650793 0.0021645021645021645 0.48152958152958153 0.2305194805194805 0.6251082251082251 0.22727272727272727 0.638095238095238 0.0010822510822510823
0 0.6373737373737374 0.0010822510822510823 0.6272727272727273 0.21861471861471862 0.7686868686868685 0.21861471861471862 0.7924963924963925 0.006493506493506494
0 0.0010101010101010064 0.2564935064935065 0.0746031746031746 0.26406926406926406 0.18210678210678208 0.22402597402597402 0.20303030303030303 0.4177489177489177 0.11212121212121212 0.5183982683982683 0 0.5272727272727272
0 0.18138528138528134 0.22077922077922077 0.32568542568542563 0.2316017316017316 0.34011544011544015 0.43073593073593075 0.20519480519480518 0.4199134199134199
0 0.3235209235209235 0.22727272727272727 0.47720057720057724 0.2261904761904762 0.47575757575757577 0.4296536796536796 0.34011544011544015 0.4318181818181818
0 0.47792207792207786 0.23376623376623373 0.6222222222222221 0.22943722943722944 0.6135642135642135 0.43398268398268397 0.4786435786435786 0.4274891774891774
0 0.6258297258297258 0.22294372294372292 0.7715728715728715 0.22294372294372292 0.7542568542568542 0.4264069264069264 0.6128427128427129 0.43073593073593075
0 0.0017316017316017255 0.5292207792207793 0.1178932178932179 0.5227272727272727 0.1453102453102453 0.7391774891774892 0.0010101010101010064 0.7478354978354979
0 0.11717171717171716 0.5183982683982683 0.20086580086580083 0.420995670995671 0.33290043290043286 0.43073593073593075 0.34227994227994224 0.5963203463203463 0.3076479076479076 0.7337662337662337 0.14386724386724384 0.7402597402597403
0 0.3343434343434343 0.43073593073593075 0.4743145743145743 0.4242424242424242 0.47359307359307357 0.6049783549783551 0.343001443001443 0.6017316017316017
0 0.47287157287157283 0.4264069264069264 0.6142857142857142 0.4329004329004329 0.604906204906205 0.6082251082251081 0.47720057720057724 0.6038961038961039
0 0.6121212121212121 0.43722943722943725 0.7549783549783549 0.4253246753246753 0.824963924963925 0.525974025974026 0.8047619047619047 0.7489177489177489 0.6503607503607504 0.7402597402597403 0.6041847041847042 0.6114718614718615
0 0.127994227994228 0.7424242424242423 0.15613275613275612 0.9415584415584416 0 0.9454545454545454 0.0010101010101010064 0.7510822510822511
0 0.12655122655122655 0.7424242424242423 0.1582972582972583 0.9404761904761905 0.3025974025974026 0.9372294372294372 0.29393939393939394 0.7402597402597403
0 0.34227994227994224 0.6028138528138528 0.47070707070707063 0.6038961038961039 0.46060606060606063 0.7597402597402597 0.4584415584415584 0.9426406926406926 0.3011544011544012 0.9350649350649349 0.29538239538239536 0.7435064935064934 0.3069264069264069 0.7337662337662337
0 0.47070707070707063 0.6006493506493507 0.5984126984126984 0.6071428571428571 0.6251082251082251 0.7424242424242423 0.6157287157287157 0.9307359307359307 0.46060606060606063 0.9318181818181818 0.46060606060606063 0.7586580086580086
0 0.602020202020202 0.6006493506493507 0.6287157287157287 0.7467532467532467 0.615007215007215 0.9361471861471861 0.7694083694083693 0.9426406926406926 0.7924963924963925 0.7521645021645021 0.6503607503607504 0.7413419913419914
0 0.00028860028860028757 0.9426406926406926 0.1510822510822511 0.9426406926406926 0.15685425685425686 0.9945887445887446 0.003174603174603174 0.9945887445887446
0 0.1525252525252525 0.9393939393939393 0.3076479076479076 0.9393939393939393 0.3090909090909091 0.9954545454545455 0.1546897546897547 0.9945887445887446
0 0.30620490620490615 0.933982683982684 0.4627705627705627 0.9404761904761905 0.46060606060606063 0.9954545454545455 0.3090909090909091 0.9954545454545455
0 0.46204906204906204 0.9383116883116882 0.615007215007215 0.9361471861471861 0.615007215007215 0.9913419913419912 0.46060606060606063 0.9954545454545455
0 0.6142857142857142 0.9350649350649349 0.7722943722943723 0.9448051948051949 0.7759018759018759 0.9188311688311688 0.780952380952381 0.9534632034632035 0.7795093795093795 0.9902597402597403 0.6171717171717171 0.9913419913419912
0 0.7802308802308803 0.12662337662337664 0.8163059163059162 0.14718614718614717 0.8220779220779221 0.0010822510822510823 0.7953823953823954 0.0010822510822510823
0 0.8206349206349206 0.0021645021645021645 0.8177489177489177 0.1515151515151515 0.8848484848484849 0.1634199134199134 0.9959595959595958 0.1590909090909091 0.9959595959595958 0.005411255411255411
0 0.7831168831168832 0.12554112554112554 0.8134199134199135 0.14718614718614717 0.8090909090909091 0.16017316017316016 0.791053391053391 0.3971861471861472 0.7636363636363637 0.3528138528138528
0 0.8177489177489177 0.15043290043290042 0.8834054834054834 0.1634199134199134 0.996969696969697 0.16363636363636364 0.996969696969697 0.45454545454545453 0.866089466089466 0.4588744588744589 0.793939393939394 0.395021645021645
0 0.7650793650793651 0.3528138528138528 0.7888888888888889 0.395021645021645 0.7838383838383838 0.4523809523809524 0.7585858585858585 0.4253246753246753
0 0.7946608946608946 0.39610389610389607 0.8668109668109668 0.4567099567099567 0.996969696969697 0.45454545454545453 0.996969696969697 0.7318181818181818 0.8386724386724387 0.7283549783549784 0.8076479076479076 0.6969696969696969 0.8256854256854257 0.5227272727272727 0.7795093795093795 0.45995670995670995
0 0.8105339105339106 0.7002164502164502 0.8422799422799423 0.7316017316017315 0.996969696969697 0.7272727272727273 0.996969696969697 0.95 0.8112554112554112 0.9502164502164502 0.7802308802308803 0.8701298701298701 0.7932178932178932 0.7521645021645021 0.8025974025974025 0.7489177489177489
0 0.7802308802308803 0.8733766233766234 0.811976911976912 0.9480519480519479 0.9772005772005772 0.9502164502164502 0.9707070707070706 0.9902597402597403 0.7787878787878788 0.9935064935064934 0.7823953823953824 0.9556277056277056 0.7751803751803752 0.9155844155844155
0 0.9757575757575757 0.9448051948051949 0.996969696969697 0.9454545454545454 0.996969696969697 0.990909090909091 0.9721500721500721 0.9924242424242423