0 0.16706882591093114 0.024897702916278765 0.2674736842105263 0.08443568815085843 0.2682834008097166 0.003247526467340709 0.15735222672064778 0.001082508822446903
0 0.0026963562753036284 0.002165017644893806 0.00026720647773278473 0.16887137630171686 0.21484210526315786 0.2608846262097036 0.21079352226720646 0.24031695858321242 0.1006720647773279 0.004330035289787612
0 0.17192712550607286 0.023815194093831864 0.2269878542510121 0.061703002879473466 0.22455870445344128 0.14072614691809737
0 0.2318461538461538 0.06495052934681417 0.266663967611336 0.08551819697330533 0.2601862348178137 0.2749572409015133 0.22051012145748985 0.2652146614994912
0 0.21889068825910932 0.2630496438545974 0.206744939271255 0.4611487583623806 0.0026963562753036284 0.40810582606248236 0.00026720647773278473 0.16345883218948234
0 0.21484210526315786 0.2630496438545974 0.260995951417004 0.2749572409015133 0.2569473684210526 0.4611487583623806 0.2051255060728745 0.4546537054276992
0 0.005935222672064768 0.40594080841758856 0.20107692307692304 0.456818723072593 0.19459919028340078 0.5585745523826019 0.001076923076923066 0.5509969906254736
0 0.19702834008097164 0.4579012318950399 0.25937651821862345 0.46331377600727447 0.25370850202429146 0.5412544112234514 0.2464210526315789 0.5423369200458983 0.24723076923076923 0.568317131784624 0.1937894736842105 0.5607395700274956
0 0.005125506072874487 0.5531620082703673 0.2480404858299595 0.5672346229621771 0.2229392712550607 0.9904955725389161 0.00026720647773278473 0.9969906254735975
0 0.26909311740890685 0.002165017644893806 0.26909311740890685 0.048712897010110626 0.3662591093117409 0.006495052934681418
0 0.266663967611336 0.05304293229989824 0.36544939271255056 0.005412544112234515 0.5565425101214574 0.001082508822446903 0.5443967611336031 0.2587196085648098 0.48447773279352224 0.23598692329342483 0.260995951417004 0.2922773820606638
0 0.25937651821862345 0.2922773820606638 0.4820485829959514 0.22949187035874338 0.5427773279352226 0.2619671350321505 0.5371093117408907 0.5260992877091948 0.4860971659919028 0.5293468141765355 0.25208906882591087 0.5445019376907921
0 0.24723076923076923 0.5401719024010045 0.4909554655870445 0.5260992877091948 0.5549230769230769 0.5271817965316417 0.552493927125506 0.8389443373963497 0.48528744939271246 0.8551819697330533 0.2334655870445344 0.8064690727229427
0 0.2334655870445344 0.8107991080127303 0.48933603238866397 0.858429496200394 0.5533036437246962 0.835696810929009 0.5500647773279352 0.991578081361363 0.22212955465587045 0.9904955725389161
0 0.5565425101214574 0.005412544112234515 0.5476356275303643 0.17428392041395135 0.998 0.05080213903743316 0.998 0.00267379679144385
0 0.5500647773279352 0.17428392041395135 0.998 0.0481283422459893 0.9970283400809715 0.5066141289051506 0.5387287449392713 0.5152741994847257
0 0.5387287449392713 0.5152741994847257 0.998 0.5080213903743316 0.998 0.9759358288770054 0.5541133603238866 0.8800796726493321
0 0.5549230769230769 0.8779146550044383 0.998 0.9732620320855615 0.998 0.9973262032085561 0.5516842105263158 0.9948256078287037