0 0.16811342592592596 0.0027777777777777775 0.1883680555555556 0.21436631944444445 0.5732060185185186 0.20460069444444445 0.5876736111111112 0.0038628472222222224
0 0.5905671296296298 0.009288194444444444 0.5732060185185186 0.20243055555555559 0.9305555555555557 0.20568576388888887 0.9826388888888891 0.0038628472222222224
0 0.16521990740740738 0.17421875 0.17824074074074073 0.17313368055555556 0.18402777777777785 0.21219618055555559 0.4299768518518519 0.2111111111111111 0.4386574074074075 0.2881510416666667 0.13194444444444453 0.2881510416666667
0 0.4285300925925926 0.20894097222222224 0.6918402777777779 0.2002604166666667 0.7410300925925927 0.281640625 0.44444444444444453 0.27947048611111114
0 0.7019675925925927 0.20460069444444445 0.9421296296296298 0.19917534722222224 0.9979166666666667 0.2671875 0.7468171296296298 0.28055555555555556
0 0.10879629629629631 0.28923611111111114 0.4386574074074075 0.28598090277777777 0.4675925925925926 0.46501736111111114 0.46035879629629645 0.7286892361111111 0.09866898148148155 0.750390625 0.036458333333333336 0.48563368055555556
0 0.44299768518518523 0.2783854166666667 0.7511574074074073 0.2783854166666667 0.8784722222222224 0.45959201388888893 0.7945601851851852 0.7080729166666667 0.45746527777777785 0.7265190972222222 0.4661458333333333 0.4606770833333334
0 0.7482638888888891 0.28489583333333335 0.9979166666666667 0.265625 0.9979166666666667 0.7078125 0.8061342592592593 0.72109375 0.7945601851851852 0.7059027777777778 0.8828125 0.45850694444444445
0 0.10300925925925929 0.7514756944444445 0.1493055555555556 0.9413628472222223 0.4401041666666667 0.9120659722222223 0.45746527777777785 0.7297743055555557
0 0.45746527777777785 0.7297743055555557 0.44733796296296297 0.9272569444444445 0.7366898148148148 0.9055555555555556 0.7960069444444445 0.7145833333333333
0 0.7960069444444445 0.7145833333333333 0.7395833333333334 0.9088107638888889 0.9979166666666667 0.9015625 0.9979166666666667 0.7109375
0 0.15219907407407404 0.9359375 0.5789930555555557 0.91640625 0.56875 0.9984375 0.15943287037037035 0.9967013888888889
0 0.6137152777777779 0.9131510416666668 0.6035879629629631 0.9956163194444445 0.9638310185185186 0.9934461805555556 0.9979166666666667 0.9328125 0.9979166666666667 0.9015625