0 0.00573913043478251 0.12995676075005974 0.101391304347826 0.13864806727071244 0.11443478260869563 0.2179562392716685 0.08255072463768112 0.2168698259565869 0.07965217391304338 0.2277339591074028 0 0.22788605697151423
0 0.09994202898550714 0.12017904091432544 0.27530434782608687 0.11040132107859113 0.3115362318840579 0.14625296047628358 0.3158840579710144 0.22990678573756598 0.2897971014492753 0.21143775938117898 0.11298550724637675 0.21469699932642372
0 0.31733333333333325 0.14190730721595723 0.3419710144927535 0.14299372053103881 0.3419710144927535 0.2494622254090346 0.3115362318840579 0.2472893987788714
0 0.3434202898550724 0.1571170936270995 0.48979710144927524 0.1549442669969363 0.4883478260869565 0.2679312517654216 0.3521159420289854 0.2570671186146057
0 0.0042898550724637515 0.2255611324772396 0.073855072463768 0.22664754579232121 0.09849275362318838 0.35701714360211195 0 0.3613193403298351
0 0.07965217391304338 0.2190426525867501 0.27530434782608687 0.21252417269626053 0.3144347826086956 0.22664754579232121 0.3245797101449275 0.34072094387588814 0.2984927536231884 0.35267149034178563 0.09704347826086951 0.35701714360211195
0 0.3158840579710144 0.2494622254090346 0.34486956521739126 0.248375812093953 0.3347246376811594 0.35810355691719353
0 0.34921739130434776 0.26467201182017686 0.48979710144927524 0.26575842513525844 0.48110144927536225 0.35810355691719353 0.3419710144927535 0.3548443169719488
0 0.482550724637681 0.1332160006953045 0.6666086956521737 0.1256111074897334 0.6608115942028985 0.25272146535427936 0.491246376811594 0.25380787866936094
0 0.491246376811594 0.25380787866936094 0.6608115942028985 0.25380787866936094 0.6622608695652172 0.3624492101775199 0.49414492753623174 0.3635356234926015
0 0.3245797101449275 0.3559307302870304 0.4868985507246375 0.35701714360211195 0.48979710144927524 0.4623992351650261 0.33182608695652166 0.4721769550007604
0 0.49414492753623174 0.3646220368076831 0.6622608695652172 0.3613627968624383 0.6579130434782607 0.4656584751102709 0.49994202898550727 0.46783130174043414
0 0.34052173913043476 0.4710905416856789 0.4984927536231883 0.4623992351650261 0.49704347826086953 0.5623492601525324 0.3521159420289854 0.5645220867826956
0 0.49704347826086953 0.46891771505551566 0.6506666666666665 0.4656584751102709 0.6521159420289855 0.5656085000977772 0.4955942028985505 0.5623492601525324
0 0.101391304347826 0.35701714360211195 0.120231884057971 0.4710905416856789 0 0.4737631184407796 0 0.36431784107946025
0 0.11153623188405788 0.36027638354735675 0.29124637681159415 0.35375790365686716 0.3187826086956521 0.3418073571909697 0.33327536231884053 0.4526215153292918 0.310086956521739 0.48086826152141315 0.12168115942028976 0.4863003280968211
0 0.07820289855072463 0.47978184820633163 0.10284057971014487 0.6318797123177541 0 0.6851574212893553 0 0.4782608695652174
0 0.10718840579710139 0.6340525389479172 0.13617391304347826 0.7872368163744214 0.041971014492753624 0.8556808552245615 0.017333333333333256 0.6818547248115072
0 0.014434782608695627 0.6785954848662624 0.047768115942028885 0.8535080285943984 0.007188405797101382 0.9002238011429067 0.0028405797101448797 0.6872867913869152
0 0.007188405797101382 0.8958781478825804 0.1303768115942029 0.7850639897442583 0.14776811594202888 0.878495534841275 0.084 0.9985007496251874 0.026028985507246374 0.9925689329248418
0 0.0028405797101448797 0.8937053212524172 0.023130434782608632 0.9936553462399234 0.001391304347826008 0.9958281728700866
0 0.0042898550724637515 0.47326336831584204 0.11588405797101439 0.4710905416856789 0.13182608695652165 0.5982008995502248 0.08979710144927526 0.5992873128653065 0.07965217391304338 0.48086826152141315
0 0.11153623188405788 0.4863003280968211 0.3057391304347825 0.48521391478173953 0.32892753623188403 0.45696716858961817 0.3477681159420289 0.5547443669469612 0.3303768115942028 0.6014601394954696 0.13762318840579701 0.6047193794407144
0 0.09849275362318838 0.5992873128653065 0.1303768115942029 0.5982008995502248 0.14631884057971012 0.7111878843187102 0.120231884057971 0.7079286443734654
0 0.1347246376811594 0.6047193794407144 0.3231304347826086 0.5992873128653065 0.33327536231884053 0.7122742976337917 0.15356521739130427 0.7133607109488733
0 0.3506666666666666 0.5612628468374508 0.501391304347826 0.5601764335223692 0.5042898550724637 0.7046694044282206 0.33617391304347816 0.7079286443734654 0.32602898550724624 0.6025465528105511
0 0.5028405797101447 0.5612628468374508 0.637623188405797 0.5645220867826956 0.6535652173913042 0.59494165960498 0.6535652173913042 0.7024965777980574 0.5071884057971012 0.7024965777980574
0 0.1245797101449275 0.7057558177433022 0.15501449275362314 0.7111878843187102 0.165159420289855 0.8154835625665428 0.14052173913043475 0.812224322621298
0 0.15501449275362314 0.7111878843187102 0.3303768115942028 0.7101014710036285 0.3347246376811594 0.8176563891967059 0.16660869565217387 0.8165699758816243
0 0.3390724637681159 0.7122742976337917 0.510086956521739 0.7068422310583838 0.501391304347826 0.812224322621298 0.3434202898550724 0.8165699758816243
0 0.5231304347826086 0.7068422310583838 0.6767536231884057 0.7046694044282206 0.6666086956521737 0.8154835625665428 0.5187826086956521 0.8187428025117874
0 0.501391304347826 0.0006735762553505852 0.5071884057971012 0.12995676075005974 0.6753043478260867 0.1234382808595702 0.6796521739130432 0.0028464028855137644
0 0.4883478260869565 0.03326597570779827 0.5042898550724637 0.03326597570779827 0.5057391304347825 0.12887034743497813 0.49414492753623174 0.12995676075005974