0 0.003927797833935017 0.05962641341702714 0.09779061371841155 0.04011231448054553 0.12883754512635381 0.05312171377153326 0.15627436823104693 0.414132544096443 0 0.48348348348348347
0 0.13966787003610107 0.42172136034951924 0.17071480144404333 0.7209375440422372 0.037862815884476535 0.8304333214080507 0.002483754512635379 0.7523769256621242 0.0032057761732852013 0.48134777376654636
0 0.0364187725631769 0.831517438015633 0.1815451263537906 0.7035916783209202 0.22414440433212995 0.9778731800392451 0.204 0.996996996996997 0.09129241877256317 0.9963031623681443
0 0.0010397111913357407 0.7512928090545419 0.092014440433213 0.995219045760562 0.0010397111913357407 0.995219045760562
0 0.10067870036101084 0.0379440812653809 0.2212563176895307 0.034691731442633975 0.23930685920577616 0.21031862187096845 0.14255595667870036 0.24067388688327318 0.13100361010830325 0.05420583037911558
0 0.14255595667870036 0.24501035331360238 0.24075090252707582 0.21031862187096845 0.25302527075812276 0.21790743812404462 0.26602166064981947 0.38160904586897365 0.14183393501805053 0.4466560423239124 0.13966787003610107 0.4238895935646838 0.15627436823104693 0.41304842748886067
0 0.14183393501805053 0.4455719257163301 0.2667436823104693 0.38160904586897365 0.28335018050541516 0.5442265370063204 0.17649097472924188 0.6374605652583992 0.16132851985559565 0.6277035157901584
0 0.16205054151624548 0.6287876323977407 0.17576895306859205 0.6363764486508169 0.26096750902527077 0.5659088691579667 0.2732418772563177 0.699255211890591 0.19670758122743684 0.7740592578137705 0.1815451263537906 0.7003393284981733 0.17143682310469313 0.7100963779664141
0 0.19381949458483755 0.7783957242440996 0.2768519855595668 0.6981710952830087 0.29490252707581227 0.8336856712307976 0.21764620938628162 0.9236673496601294
0 0.22197833935018046 0.029271148404722412 0.3483321299638989 0.02710291518955779 0.3591624548736462 0.18213159007382834 0.26024548736462094 0.22007567133920924 0.24075090252707582 0.20598215544063916
0 0.2537472924187726 0.21682332151646233 0.359884476534296 0.18321570668141066 0.3671046931407942 0.19188863954206914 0.37576895306859204 0.3360761483505166 0.27901805054151624 0.3924502119447968 0.26602166064981947 0.3891978621220498
0 0.2652996389891697 0.3837772790841383 0.2746859205776173 0.39028197872963216 0.3772129963898917 0.3382443815656812 0.3844332129963899 0.4640019080452294 0.3028447653429603 0.5312171377153327 0.2847942238267148 0.5312171377153327
0 0.284072202166065 0.5290489045001681 0.3014007220216607 0.5312171377153327 0.3844332129963899 0.46291779143764705 0.3938194945848375 0.4726748409058878 0.40248375451263535 0.5984323673854359 0.33677978339350184 0.6775728797389448 0.2768519855595668 0.6851616959920209 0.26096750902527077 0.5702453355882958
0 0.2782960288808664 0.6862458125996033 0.33822382671480145 0.6764887631313624 0.40537184115523467 0.5973482507778536 0.4183682310469314 0.6049370670309299 0.42775451263537906 0.7263581270801487 0.36854873646209385 0.8326015546232153 0.29418050541516244 0.8185080387246453
0 0.3526642599277978 0.024934681974393167 0.4884043321299639 0.011925282683405427 0.4876823104693141 0.1300939929098774 0.42053429602888087 0.17237454060558755 0.36205054151624544 0.18213159007382834
0 0.35844043321299635 0.17996335685866371 0.4169241877256318 0.17237454060558755 0.48696028880866427 0.1311781095174597 0.4905703971119134 0.25801975260459015 0.4263104693140794 0.2710291518955779 0.432086642599278 0.3295714487050227 0.37649097472924187 0.32415086566711115
0 0.3786570397111913 0.3263190988822758 0.4299205776173285 0.3317396819201873 0.4407509025270758 0.4705066076907232 0.3844332129963899 0.4596654416149001
0 0.3865992779783393 0.4574972083997355 0.4407509025270758 0.46942249108314094 0.44652707581227435 0.518207738424345 0.46674368231046937 0.5171236218167626 0.4732418772563177 0.5734976854110427 0.4407509025270758 0.6146941164991707 0.4032057761732852 0.5940959009551067 0.39309747292418773 0.4748430741210525
0 0.4190902527075812 0.6038529504233475 0.44147292418772566 0.6136099998915884 0.4746859205776174 0.5745818020186251 0.48190613718411557 0.6613111306252101 0.44219494584837543 0.7068440281436671 0.44291696750902526 0.7285263602953134 0.4284765342960289 0.727442243687731
0 0.49418050541516245 0.009757049468240804 0.5764909747292419 0.0021682332151646234 0.8833501805054153 0.0010841166075823117 0.8811841155234658 0.04228054769571015 0.6819061371841155 0.0466170141260394 0.647971119133574 0.07697227913834412 0.6515812274368231 0.29487971726238876 0.48623826714801444 0.2742815017183248
0 0.4299205776173285 0.2742815017183248 0.4884043321299639 0.2558515193894255 0.48407220216606495 0.2710291518955779 0.6465270758122743 0.2937956006548064 0.6494151624548736 0.414132544096443 0.6710758122743682 0.41521666070402535 0.679740072202166 0.5453106536139027 0.44652707581227435 0.5171236218167626
0 0.6869602888086642 0.0466170141260394 0.998 0.03003003003003003 0.998 0.4264264264264264 0.6486931407942238 0.4108801942736961 0.6486931407942238 0.07263581270801488
0 0.4876823104693141 0.5225442048546741 0.48118411552346574 0.5344694875380795 0.49418050541516245 0.7502086924469595 0.7512202166064982 0.7729751412061882 0.7541083032490975 0.7296104769028956 0.6826281588447654 0.7209375440422372 0.6804620938628159 0.546394770221485
0 0.4876823104693141 0.6537223143721339 0.4458050541516245 0.7035916783209202 0.45302527075812277 0.8878915016099131 0.6884043321299639 0.9626955475330927 0.7432779783393502 0.8022462896109105 0.7432779783393502 0.7773116076365173 0.4927364620938628 0.7502086924469595
0 0.6746859205776173 0.4173848939191899 0.998 0.42342342342342343 0.998 0.7507507507507507 0.6847942238267147 0.7187693108270725
0 0.7512202166064982 0.7263581270801487 0.7533862815884477 0.991966695937815 0.9952635379061371 0.9897984627226505 0.998 0.7657657657657657
0 0.7454440433212997 0.7903210069275051 0.6826281588447654 0.991966695937815 0.7512202166064982 0.995219045760562