0 0.10488967734782136 0.0064980072777681515 0.17557378866836687 0.2545052850459193 0.1464685663599069 0.2750823080921851 0 0.27638190954773867 0 0.005025125628140704
0 0.10627564031489083 0.002166002425922717 0.19220534427320105 0.2794143129440305 0.8061869386849985 0.2545052850459193 0.8172746424215547 0.0010830012129613585
0 0.8214325313227632 0.10288511523132907 0.9967845659163987 0.10050251256281408 0.9967845659163987 0.007537688442211055 0.8214325313227632 0.004332004851845434
0 0.8145027164874155 0.10071911280540635 0.9967845659163987 0.10804020100502512 0.9919059762723141 0.25992029111072606 0.810344827586207 0.2620862935366488
0 0.7659940126399825 0.2642522959625715 0.9967845659163987 0.25879396984924624 0.9967845659163987 0.7487437185929648 0.7590641978046347 0.7516028417951829 0.7382747532985919 0.646551724137931 0.7465905311010091 0.49926355917518633
0 0.1617141589976716 0.2675012996014556 0.2323982703182171 0.513342574943684 0.005100343718815896 0.513342574943684 0.0037143807517463355 0.2772483105181078
0 0.16864397383301924 0.28049731415699186 0.7646080496729127 0.2588372898977647 0.7479764940680785 0.5068445676659158 0.23378423328528666 0.5111765725177613
0 0.006486306685885366 0.5111765725177613 0.22685441844993906 0.513342574943684 0.2795210111985809 0.68553976780454 0.000942454817607305 0.6812077629526946
0 0.23655615921942572 0.513342574943684 0.735502827364453 0.5068445676659158 0.7341168643973833 0.7061167908508058 0.290608714935137 0.6942037775082308
0 0.009258232620024396 0.6790417605267718 0.27813504823151125 0.6812077629526946 0.25041578889012095 0.7212788078322648 0.28229293713271986 0.830661930341362 0.0023284177846768657 0.8079189048691735
0 0.28229293713271986 0.8328279327672848 0.3113981594411798 0.9238000346560389 0 0.9095477386934674 0.000942454817607305 0.8068359036562122
0 0.27397715933030264 0.6898717726563854 0.7105554939572016 0.7050337896378445 0.6939239383523673 0.8772309824987005 0.2878367890009979 0.8523219546005892 0.25041578889012095 0.7191128054063421
0 0.290608714935137 0.8479899497487438 0.3432753076837787 0.9757840928781841 0.6980818272535758 0.9811990989429908 0.6953099013194369 0.8783139837116618
0 0.7396607162656614 0.6692947496101196 0.7299589754961747 0.8263299254895167 0.9932919392393836 0.8241639230635939 0.9960638651735226 0.7461878357303761 0.7590641978046347 0.7483538381562987
0 0.741046679232731 0.8274129267024779 0.7382747532985919 0.927049038294923 0.9932919392393836 0.9292150407208456 0.9932919392393836 0.8274129267024779