0 0.0010101010101009993 0.3971861471861472 0.2393939393939394 0.40476190476190477 0.23636363636363636 0.6601731601731602 0 0.6696428571428571
0 0.030303030303030297 0.672077922077922 0.22424242424242422 0.6623376623376623 0.3808080808080808 0.6731601731601732 0.37777777777777777 0.9448051948051948 0.09696969696969696 0.974025974025974 0.018181818181818184 0.9632034632034632
0 0.0010101010101009993 0.6666666666666666 0.034343434343434336 0.670995670995671 0.018181818181818184 0.95995670995671 0.002020202020202038 0.9632034632034632
0 0.019191919191919184 0.9610389610389611 0.021212121212121224 0.9967532467532468 0.006060606060606075 0.9956709956709957 0.005050505050505036 0.9610389610389611
0 0.020202020202020183 0.95995670995671 0.1 0.9761904761904762 0.38585858585858585 0.9458874458874459 0.37777777777777777 0.9924242424242424 0.021212121212121224 0.9956709956709957
0 0.006060606060606075 0.20238095238095238 0.06363636363636363 0.19047619047619047 0.06464646464646463 0.395021645021645 0.0010101010101009993 0.39285714285714285
0 0.06565656565656566 0.18614718614718614 0.1828282828282828 0.16883116883116883 0.17575757575757578 0.3971861471861472 0.06262626262626263 0.3917748917748917
0 0.1828282828282828 0.16666666666666666 0.30909090909090914 0.14935064935064934 0.30101010101010106 0.4090909090909091 0.17676767676767674 0.4025974025974026
0 0.30808080808080807 0.14393939393939395 0.45555555555555555 0.12337662337662338 0.4494949494949495 0.39285714285714285 0.305050505050505 0.4058441558441559
0 0.4606060606060606 0.12337662337662338 0.6 0.09307359307359307 0.6181818181818183 0.11255411255411256 0.6050505050505051 0.38203463203463206 0.4444444444444444 0.3961038961038961
0 0.6181818181818183 0.10606060606060605 0.795959595959596 0.07142857142857142 0.8181818181818182 0.07900432900432901 0.8121212121212121 0.3722943722943723 0.7808080808080807 0.35930735930735935 0.6070707070707071 0.37662337662337664
0 0.8232323232323233 0.07467532467532467 0.9972222222222222 0.05357142857142857 0.9969696969696971 0.35714285714285715 0.8101010101010101 0.37012987012987014
0 0.24444444444444444 0.40800865800865804 0.3131313131313131 0.4069264069264069 0.30707070707070705 0.6666666666666666 0.24040404040404037 0.6558441558441559
0 0.31212121212121213 0.4058441558441559 0.45555555555555555 0.395021645021645 0.45454545454545453 0.6753246753246753 0.30707070707070705 0.6677489177489178
0 0.45454545454545453 0.393939393939394 0.6131313131313132 0.37987012987012986 0.61010101010101 0.6796536796536797 0.4565656565656566 0.6753246753246753
0 0.6111111111111112 0.37987012987012986 0.7838383838383839 0.36147186147186144 0.8111111111111111 0.37337662337662336 0.8101010101010101 0.6883116883116883 0.6121212121212122 0.6818181818181819
0 0.8121212121212121 0.3658008658008658 0.9972222222222222 0.3541666666666667 0.9972222222222222 0.6934523809523809 0.8121212121212121 0.6872294372294372
0 0.3828282828282828 0.672077922077922 0.45151515151515154 0.6731601731601732 0.4414141414141415 0.9545454545454546 0.37878787878787884 0.9480519480519481
0 0.4505050505050505 0.6753246753246753 0.598989898989899 0.6829004329004329 0.595959595959596 0.9859307359307359 0.4434343434343434 0.9556277056277056
0 0.6060606060606061 0.6807359307359307 0.795959595959596 0.6904761904761905 0.7833333333333333 0.9970238095238095 0.5939393939393939 0.984848484848485
0 0.796969696969697 0.6904761904761905 0.9972222222222222 0.6934523809523809 0.9972222222222222 0.9940476190476191 0.7818181818181817 0.9967532467532468
0 0.39292929292929296 0.9523809523809523 0.4444444444444444 0.9577922077922078 0.4388888888888889 0.9970238095238095 0.3797979797979798 0.9956709956709957
0 0.4454545454545455 0.9577922077922078 0.598989898989899 0.9826839826839827 0.596969696969697 0.9967532467532468 0.4383838383838384 0.9956709956709957
0 0.597979797979798 0.984848484848485 0.7787878787878788 0.9945887445887446 0.595959595959596 0.9967532467532468
0 0.28181818181818186 0.0010822510822510823 0.27575757575757576 0.14826839826839827 0.43535353535353544 0.12121212121212122 0.43434343434343436 0.0021645021645021645
0 0.4373737373737373 0.007575757575757576 0.4373737373737373 0.12337662337662338 0.6 0.08874458874458874 0.6171717171717171 0.10281385281385282 0.6161616161616161 0.005411255411255411
0 0.6151515151515151 0.0021645021645021645 0.6212121212121212 0.10497835497835498 0.795959595959596 0.07034632034632035 0.8 0.0021645021645021645
0 0.8 0.0032467532467532465 0.7979797979797979 0.06385281385281386 0.8161616161616162 0.07359307359307359 0.9972222222222222 0.05654761904761905 0.9972222222222222 0.005952380952380952