0 0.22313043478260863 0.0028464028855137644 0.24342028985507239 0.2255611324772396 0.5071884057971012 0.22664754579232121 0.506 0
0 0.5086376811594202 0.04956217543402212 0.5521159420289855 0.001759989570432175 0.9782028985507245 0.0028464028855137644 0.9492173913043478 0.23207961236772914 0.5071884057971012 0.2255611324772396
0 0.2390724637681159 0.22990678573756598 0.6709565217391302 0.2288203724224844 0.6666086956521737 0.4428437954935575 0.2521159420289854 0.4482758620689655
0 0.6753043478260867 0.2309931990526476 0.9477681159420288 0.2277339591074028 0.9158840579710142 0.44175738217847593 0.6666086956521737 0.44175738217847593
0 0.25501449275362315 0.4504486886991287 0.655014492753623 0.44175738217847593 0.6535652173913042 0.6307932990026726 0.26226086956521727 0.6438302587836516
0 0.6593623188405795 0.4428437954935575 0.9173333333333332 0.4428437954935575 0.8897971014492753 0.6340525389479172 0.656463768115942 0.6329661256328357
0 0.25936231884057964 0.6460030854138148 0.492695652173913 0.6394846055233252 0.4955942028985505 0.8143971492514612 0.27530434782608687 0.8296069356626035
0 0.492695652173913 0.6394846055233252 0.8782028985507245 0.6318797123177541 0.8521159420289852 0.801360189470482 0.5274782608695651 0.8111379093062164 0.492695652173913 0.7687677900180345
0 0.265159420289855 0.7807183364839319 0.25066666666666665 0.8176563891967059 0.26805797101449264 0.9751863198835363 0.6231304347826085 0.9654086000478022 0.6318260869565215 0.812224322621298 0.528927536231884 0.8111379093062164 0.49704347826086953 0.769854203333116 0.492695652173913 0.8165699758816243 0.2782028985507245 0.8285205223475217
0 0.6318260869565215 0.8991373878278252 0.6622608695652172 0.9578037068422309 0.8593623188405796 0.9393346804858439 0.8782028985507245 0.7872368163744214 0.8622608695652173 0.7665949633878713 0.84631884057971 0.8024466027855637 0.628927536231884 0.8089650826760533
0 0.001391304347826008 0.15059861373660993 0.041971014492753624 0.1571170936270995 0.0521159420289855 0.2407709188883819 0 0.2383808095952024
0 0.001391304347826008 0.2385980922582187 0.02168115942028976 0.23642526562805552 0.041971014492753624 0.3874367164243965 0 0.39730134932533734
0 0.03472463768115938 0.3852638897942333 0.047768115942028885 0.5102014210286161 0.007188405797101382 0.5493123003715533 0.0042898550724637515 0.39938726289029397
0 0.00573913043478251 0.5558307802620428 0.020231884057971 0.54713947374139 0.04342028985507238 0.666644938400365 0.001391304347826008 0.7003237511678942
0 0.014434782608695627 0.5427938204810638 0.05066666666666663 0.5036829411381265 0.073855072463768 0.624274819112183 0.049217391304347755 0.6622992851400387
0 0.07240579710144925 0.6264476457423461 0.08399999999999988 0.7405210438259131 0.040521739130434754 0.8198292158268692 0.012985507246376756 0.6938052712774047
0 0.014434782608695627 0.69054603133216 0.03907246376811588 0.8198292158268692 0.001391304347826008 0.8926189079373357 0 0.7091454272863568
0 0.9724057971014493 0.09519153466744888 0.998 0.08545727136431784 0.998 0.2593703148425787 0.9419710144927536 0.2548942919844426
0 0.9419710144927536 0.2548942919844426 0.9970434782608695 0.2581535319296873 0.9941449275362317 0.4037329161506203 0.9245797101449275 0.3896095430545596
0 0.9231304347826085 0.3874367164243965 0.992695652173913 0.4037329161506203 0.998 0.527736131934033 0.9042898550724637 0.49390522130239223
0 0.9071884057971012 0.49281880798731065 0.955014492753623 0.5145470742889424 0.9448695652173913 0.6264476457423461 0.899942028985507 0.6025465528105511
0 0.956463768115942 0.5145470742889424 0.998 0.527736131934033 0.9955942028985505 0.6699041783456098 0.94631884057971 0.6318797123177541
0 0.8941449275362318 0.6079786193859591 0.998 0.671664167916042 0.9941449275362317 0.7785455098537687 0.8796521739130433 0.6916324446472416