0 0.005297297297297291 0.12648648648648647 0.07772972972972968 0.10594594594594593 0.08962162162162161 0.1135135135135135 0.13827027027027025 0.1081081081081081 0.12097297297297296 0.09297297297297297 0.21610810810810813 0.09837837837837837 0.23664864864864865 0.12432432432432432 0.24421621621621614 0.34378378378378377 0.031243243243243228 0.3589189189189189
0 0.23124324324324322 0.10918918918918918 0.45827027027027023 0.09729729729729729 0.4788108108108107 0.11243243243243242 0.47772972972972966 0.3491891891891892 0.2474594594594595 0.34162162162162163
0 0.48745945945945934 0.0745945945945946 0.998 0.072 0.9642162162162162 0.3340540540540541 0.4831351351351351 0.32972972972972975
0 0.030162162162162134 0.3621621621621621 0.47232432432432425 0.34486486486486484 0.4788108108108107 0.5751351351351351 0.04854054054054052 0.5827027027027027
0 0.4809729729729729 0.32756756756756755 0.9609729729729729 0.3340540540540541 0.946918918918919 0.5751351351351351 0.4788108108108107 0.561081081081081
0 0.047459459459459424 0.5729729729729729 0.02259459459459458 0.5848648648648648 0.04097297297297297 0.7816216216216215 0.23989189189189186 0.7848648648648647 0.25178378378378374 0.7632432432432432 0.25394594594594594 0.5881081081081081 0.052864864864864844 0.585945945945946
0 0.25394594594594594 0.5794594594594595 0.2582702702702702 0.7643243243243243 0.2788108108108108 0.7859459459459459 0.48962162162162154 0.772972972972973 0.4809729729729729 0.5805405405405405
0 0.4907027027027027 0.561081081081081 0.5036756756756756 0.7837837837837838 0.9534054054054054 0.801081081081081 0.9631351351351349 0.5783783783783784
0 0.06583783783783781 0.7805405405405406 0.08854054054054052 0.9772972972972973 0.49178378378378373 0.9708108108108108 0.48637837837837833 0.7762162162162162 0.2777297297297297 0.7848648648648647 0.25178378378378374 0.7578378378378378 0.23664864864864865 0.7837837837837838
0 0.48637837837837833 0.7848648648648647 0.6982702702702702 0.7902702702702702 0.6993513513513513 0.9902702702702701 0.4982702702702702 0.9891891891891892
0 0.7274594594594593 0.7989189189189189 0.7252972972972973 0.9848648648648648 0.788 0.998 0.9350270270270269 0.9978378378378379 0.9425945945945946 0.8064864864864865