0 0.08648718949148133 0.005951359084406297 0.062426843542723376 0.034563662374821176 0.0780335544284042 0.2720457796852647 0 0.2548783977110157 0.0006502796202367018 0.0016595135908440521
0 0.08973858759266484 0.004520743919885556 0.062426843542723376 0.030271816881258927 0.07738327480816751 0.2677539341917024 0.2230459097411887 0.29207439198855506 0.21069059695669135 0.035994277539341916 0.26596436467681106 0.0002288984263233118
0 0.26596436467681106 0.0002288984263233118 0.4356873455585902 0.003090128755364792 0.3784627389777604 0.0517310443490701 0.38691637404083756 0.32354792560801143 0.2230459097411887 0.2906437768240343 0.2132917154376382 0.04457796852646638
0 0.6203667577058135 0.0016595135908440521 0.5709455065678242 0.06603719599427753 0.5722460658082976 0.35931330472103 0.38886721290154763 0.32068669527897 0.3778124593575237 0.05316165951359084 0.438288464039537 0.005951359084406297
0 0.8141500845363506 0.003090128755364792 0.791390297828066 0.09608011444921317 0.7816361035245155 0.38220314735336186 0.5696449473273507 0.3507296137339056 0.5702952269475874 0.06317596566523605 0.6223175965665236 0.0002288984263233118
0 0.8187020418780074 0.003090128755364792 0.9984848484848485 0 0.9981792170633372 0.42512160228898427 0.7855377812459358 0.3750500715307582 0.7952919755494863 0.08034334763948497
0 0.0006502796202367018 0.2577396280400572 0.0734815970867473 0.2663233190271817 0.08453635063077124 0.5095278969957081 0 0.4866380543633762
0 0.07543243594745741 0.26489270386266095 0.2210950708804786 0.2935050071530758 0.23149954480426585 0.5510157367668097 0.08583690987124463 0.5023748211731044
0 0.2230459097411887 0.28921316165951355 0.38366497593965404 0.3192560801144492 0.38886721290154763 0.5796280400572246 0.23345038366497595 0.5367095851216023
0 0.3817141370789439 0.3192560801144492 0.5702952269475874 0.36074391988555077 0.5741969046690076 0.6282689556509299 0.39081805176225776 0.5824892703862661
0 0.5728963454285342 0.3550214592274678 0.7822863831447523 0.3850643776824035 0.7777344258030953 0.6926466380543633 0.5715957861880608 0.6282689556509299
0 0.7842372220054623 0.39221745350500714 0.9981792170633372 0.4279828326180258 0.9962283782026272 0.745579399141631 0.7809858239042787 0.6826323319027181
0 0.08453635063077124 0.5009442060085837 0.09754194303550526 0.7327038626609442 0.0006502796202367018 0.7012303290414877 0.0006502796202367018 0.482346208869814
0 0.08323579139029783 0.5009442060085837 0.228898426323319 0.5481545064377682 0.23995317986734294 0.7713304721030043 0.09624138379503186 0.7226895565092989
0 0.23149954480426585 0.5452932761087268 0.38431525555989077 0.5824892703862661 0.39602028872415135 0.8271244635193132 0.24125373910781633 0.7756223175965664
0 0.38951749252178436 0.5810586552217454 0.5670438288464039 0.6296995708154506 0.5683443880868774 0.8972246065808298 0.39797112758486153 0.8214020028612303
0 0.5683443880868774 0.6325608011444921 0.7757835869423851 0.6983690987124462 0.7725321888412017 0.9601716738197423 0.5696449473273507 0.8886409155937052
0 0.7751333073221485 0.6812017167381974 0.9962283782026272 0.7484406294706725 0.9981792170633372 0.9945064377682403 0.839510989725582 0.9930758226037195 0.7738327480816751 0.9630329041487838