0 0.0008292682926829258 0.15176151761517617 0.4040813008130082 0.1084010840108401 0.40895934959349595 0.004336043360433604 0.004894308943089442 0.002168021680216802
0 0.0016422764227642262 0.15176151761517617 0.3910731707317074 0.11924119241192413 0.4122113821138212 0.1929539295392954 0.4325365853658536 0.6200542005420054 0 0.6826666666666666
0 0.003268292682926841 0.6818428184281843 0.4203414634146342 0.6178861788617886 0.4292845528455284 0.6872628726287263 0.22847154471544717 0.7067750677506776 0.20570731707317072 0.8151761517615176 0.1691219512195122 0.7262872628726288 0.008146341463414643 0.7501355013550136 0 0.7306666666666667
0 0.0016422764227642262 0.74579945799458 0.1691219512195122 0.7284552845528456 0.21383739837398372 0.8260162601626017 0.178 0.9973333333333333 0 0.9973333333333333
0 0.22928455284552848 0.7035230352303523 0.4805040650406504 0.6850948509485095 0.49269918699187 0.8813008130081301 0.20326829268292682 0.9084010840108401
0 0.2000162601626016 0.9062330623306233 0.4878211382113822 0.8802168021680217 0.494 0.9973333333333333 0.18 0.9973333333333333
0 0.4805040650406504 0.6796747967479675 0.7252195121951219 0.6547425474254742 0.7715609756097561 0.843360433604336 0.49269918699187 0.870460704607046
0 0.48944715447154474 0.870460704607046 0.7748130081300814 0.843360433604336 0.8097723577235773 0.9929539295392954 0.4935121951219512 0.9962059620596205
0 0.43985365853658537 0.6037940379403794 0.698390243902439 0.5626016260162602 0.7097723577235772 0.6168021680216802 0.7032682926829268 0.6579945799457995 0.4374146341463414 0.6850948509485095 0.4300975609756098 0.6439024390243903
0 0.41383739837398376 0.002168021680216802 0.42278048780487804 0.11815718157181573 0.42278048780487804 0.15067750677506775 0.6959512195121952 0.12466124661246612 0.6992032520325203 0.11490514905149053 0.6528617886178862 0.007588075880758808
0 0.6520487804878048 0.007588075880758808 0.8870081300813009 0.001084010840108401 0.9658699186991871 0.0986449864498645 0.7024552845528456 0.12574525745257453
0 0.41871544715447157 0.15501355013550136 0.6943252032520326 0.12682926829268293 0.774 0.2915989159891599 0.7138373983739837 0.5691056910569106 0.4512357723577236 0.6005420054200542 0.4292845528455284 0.33712737127371273
0 0.7048943089430895 0.12466124661246612 0.9756260162601628 0.10298102981029811 0.998 0.13066666666666665 0.998 0.28 0.7910731707317074 0.3002710027100271 0.7731869918699188 0.2905149051490515
0 0.7926991869918699 0.3111111111111111 0.9967642276422765 0.2785907859078591 0.9943252032520324 0.8151761517615176 0.7943252032520326 0.832520325203252 0.7235934959349594 0.5723577235772358
0 0.7252195121951219 0.5777777777777777 0.7048943089430895 0.656910569105691 0.722780487804878 0.6579945799457995 0.8097723577235773 0.9788617886178862 0.9650569105691056 0.9626016260162602 0.998 0.9173333333333333 0.998 0.816 0.798390243902439 0.832520325203252
0 0.7748130081300814 0.2883468834688347 0.7935121951219513 0.3100271002710027 0.7252195121951219 0.5756097560975609 0.7138373983739837 0.5680216802168021