0 0.3680579710144926 0.003932816200595354 0.39124637681159413 0.12995676075005974 0.34631884057971 0.13647524064054928 0.049217391304347755 0.10822849444842794 0.023130434782608632 0.003932816200595354
0 0.001391304347826008 0.11040132107859113 0.047768115942028885 0.10714208113334635 0.10863768115942025 0.3428937705060513 0 0.3553223388305847
0 0.04631884057971013 0.11148773439367272 0.3477681159420289 0.13864806727071244 0.3796521739130434 0.3211655042044195 0.101391304347826 0.3418073571909697
0 0.34052173913043476 0.14082089390087563 0.3883478260869564 0.12887034743497813 0.5579130434782608 0.1560306803120179 0.5782028985507245 0.3016100645329509 0.4173333333333333 0.3200790908893379 0.3839999999999999 0.3200790908893379
0 0.5535652173913043 0.15277144036677312 0.6057391304347826 0.1473393737913652 0.673855072463768 0.1538578536818547 0.6767536231884057 0.290745931382135 0.6260289855072463 0.29726441127262454 0.582550724637681 0.29726441127262454
0 0.3680579710144926 0.005019229515676944 0.411536231884058 0.01262412272124807 0.420231884057971 0.1332160006953045 0.392695652173913 0.12669752080481497
0 0.410086956521739 0.04521652217369576 0.4883478260869565 0.07889533494122503 0.49414492753623174 0.14082089390087563 0.42747826086956503 0.13212958738022293
0 0.10863768115942025 0.34072094387588814 0.15356521739130427 0.5525715403167981 0 0.5967016491754122 0 0.3538230884557721
0 0.11298550724637675 0.3418073571909697 0.3796521739130434 0.3200790908893379 0.4129855072463768 0.48955956804206585 0.156463768115942 0.5514851270017165
0 0.38110144927536227 0.31681985094409315 0.4129855072463768 0.31681985094409315 0.5782028985507245 0.29726441127262454 0.592695652173913 0.4482758620689655 0.4419710144927535 0.48521391478173953 0.420231884057971 0.48955956804206585
0 0.5854492753623187 0.29617799795754296 0.627478260869565 0.29617799795754296 0.6811014492753622 0.2896595180670534 0.692695652173913 0.42546118245225206 0.6347246376811593 0.4482758620689655 0.5970434782608695 0.4482758620689655
0 0.6753043478260867 0.29726441127262454 0.7057391304347825 0.2896595180670534 0.7216811594202898 0.4091649827260283 0.6955942028985506 0.42546118245225206
0 0.15936231884057964 0.5558307802620428 0.2057391304347825 0.7405210438259131 0.0042898550724637515 0.8339525889229298 0.0042898550724637515 0.5938552462898985
0 0.15936231884057964 0.550398713686635 0.4216811594202898 0.48738674141190275 0.44342028985507226 0.6514351519892227 0.22168115942028976 0.7448666970862394 0.2057391304347825 0.7426938704560763
0 0.41443478260869554 0.4906459813571475 0.44052173913043474 0.4841275014666579 0.5999420289855073 0.4461030354388023 0.5057391304347825 0.4841275014666579 0.5332753623188405 0.637311778893162 0.5028405797101447 0.6449166720987333 0.44631884057971 0.6449166720987333
0 0.8622608695652173 0.29617799795754296 0.9680579710144925 0.26684483845034 0.998 0.2653673163418291 0.998 0.5307346326836582 0.8767536231884058 0.521065554179432
0 0.2057391304347825 0.7416074571409946 0.228927536231884 0.9132607609238859 0.11588405797101439 0.9882232796645155 0.0042898550724637515 0.9925689329248418 0.008637681159420254 0.8339525889229298
0 0.201391304347826 0.7513851769767289 0.43907246376811576 0.6546943919344675 0.4608115942028985 0.7839775764291768 0.24052173913043476 0.9089151076635594
0 0.44052173913043474 0.648175912043978 0.5086376811594202 0.64274384546857 0.5347246376811593 0.6362253655780805 0.5506666666666665 0.764422136757708 0.5158840579710146 0.7839775764291768 0.45936231884057954 0.769854203333116
0 0.22747826086956513 0.9143471742389674 0.248 0.9985007496251874 0.120231884057971 0.9914825196097603
0 0.2347246376811594 0.9186928274992937 0.4579130434782608 0.7774590965386871 0.4883478260869565 0.9056558677183146 0.392695652173913 0.9969145861851682 0.24776811594202888 0.9958281728700866
0 0.456463768115942 0.775286269908524 0.5187826086956521 0.7861504030593398 0.5390724637681158 0.9078286943484779 0.5303768115942028 0.9121743476088042 0.48979710144927524 0.9013102144579884
0 0.5115362318840577 0.497164461247637 0.5955942028985505 0.4482758620689655 0.8405217391304347 0.46783130174043414 0.8434202898550722 0.6166699259066118 0.8042898550724638 0.6644721117702018 0.5216811594202898 0.6286204723725094
0 0.5361739130434783 0.6340525389479172 0.5535652173913043 0.7850639897442583 0.8144347826086955 0.8361254155530929 0.8724057971014493 0.7720270299632792 0.8666086956521738 0.6362253655780805 0.8477681159420287 0.6155835125915303 0.8071884057971013 0.6655585250852833
0 0.5535652173913043 0.7633357234426265 0.5158840579710146 0.7839775764291768 0.5390724637681158 0.9208656541294569 0.7955942028985505 0.9849640397192708 0.8448695652173912 0.9132607609238859 0.8535652173913043 0.8024466027855637 0.8158840579710143 0.8404710688134193 0.556463768115942 0.788323229689503
0 0.8477681159420287 0.8024466027855637 0.8724057971014493 0.7665949633878713 0.9144347826086955 0.8393846554983377 0.8811014492753623 0.9143471742389674 0.84631884057971 0.9067422810333962
0 0.6912463768115941 0.43197966234274165 0.865159420289855 0.43958455554831277 0.882550724637681 0.5786454598787562 0.8535652173913043 0.6144970992764487 0.84631884057971 0.46783130174043414 0.6434202898550723 0.4482758620689655
0 0.7057391304347825 0.41785628924668095 0.7347246376811593 0.39830084957521233 0.8666086956521738 0.39830084957521233 0.8680579710144926 0.44175738217847593 0.692695652173913 0.43197966234274165
0 0.873855072463768 0.5232383808095952 0.998 0.5322338830584707 0.998 0.7391304347826086 0.8941449275362318 0.7253112574147708
0 0.8970434782608695 0.7253112574147708 0.998 0.7436281859070465 0.998 0.9250374812593704 0.9086376811594202 0.9045694544032331
0 0.901391304347826 0.8980509745127436 0.998 0.9205397301349325 0.994 0.9985007496251874 0.9042898550724637 0.9969145861851682