0 0.2200552575979197 0.08333333333333333 0.4118316268486917 0.08008658008658008 0.4557126604908175 0.16558441558441556 0.40289289777344384 0.18073593073593072 0.386640663091175 0.16666666666666666 0.21761742239557938 0.17207792207792205
0 0.13473102551600843 0.17965367965367965 0.4045181212416707 0.1688311688311688 0.40045506257110347 0.356060606060606 0.1404193076548025 0.36580086580086574
0 0.1404193076548025 0.36363636363636365 0.40695595644401106 0.35173160173160173 0.4093937916463513 0.5411255411255411 0.15504631886884448 0.5519480519480519
0 0.1566715423370713 0.5519480519480519 0.17373638875345357 0.724025974025974 0.4175199089874857 0.7218614718614718 0.4191451324557126 0.5422077922077921
0 0.4093937916463513 0.1764069264069264 0.5450999512432959 0.170995670995671 0.5418495043068422 0.36363636363636365 0.40533073297578415 0.3538961038961039
0 0.5605395741914513 0.18073593073593072 0.8189501056395254 0.170995670995671 0.8189501056395254 0.3538961038961039 0.5694783032666992 0.36363636363636365 0.5516008451162034 0.3441558441558441 0.5475377864456362 0.2077922077922078
0 0.4077685681781245 0.3647186147186147 0.5418495043068422 0.3647186147186147 0.5499756216479765 0.34740259740259744 0.5678530797984723 0.3625541125541125 0.666991711360312 0.36147186147186144 0.6653664878920851 0.5454545454545454 0.41508207378514544 0.54004329004329
0 0.6694295465626523 0.3625541125541125 0.6661790996261986 0.5432900432900433 0.7994474240208028 0.5335497835497836 0.8026978709572566 0.36147186147186144
0 0.4232081911262799 0.5487012987012987 0.666991711360312 0.5454545454545454 0.6596782057532911 0.712121212121212 0.42239557939216643 0.7045454545454546
0 0.6604908174874045 0.6785714285714285 0.6864943929790346 0.7132034632034632 0.8043230944254833 0.6980519480519479 0.8026978709572566 0.5357142857142857 0.6678043230944255 0.5411255411255411
0 0.8026978709572566 0.512987012987013 0.8937103851779619 0.553030303030303 0.8872094913050544 0.670995670995671 0.8075735413619372 0.6818181818181818