0 0.34063157894736845 0.0005211047420531529 0.3682631578947369 0.010291818655549765 0.3748421052631579 0.22090498523536567 0.2932631578947369 0.22416188987319785 0 0.22937293729372937 0.0011578947368420813 0.0026923745006079557
0 0.39457894736842103 0.023319437206878582 0.6498421052631579 0.028747611603265593 0.6419473684210527 0.17530832030571478 0.3853684210526316 0.16662324127149558
0 0.651157894736842 0.02766197672398819 0.8972105263157893 0.0385183255167622 0.8893157894736842 0.18616466909848878 0.6406315789473683 0.16879451103005036
0 0.38668421052631574 0.16879451103005036 0.39063157894736844 0.3110126802153899 0.6235263157894737 0.30449887093972555 0.6340526315789473 0.17747959006426958
0 0.6340526315789473 0.1709657807886052 0.6235263157894737 0.3055845058190029 0.8722105263157893 0.31861212437033176 0.8840526315789473 0.1872503039777662
0 0.37747368421052635 0.3110126802153899 0.5919473684210527 0.30667014069828036 0.5958947368421053 0.43803196109084586 0.37352631578947365 0.4293468820566267
0 0.020894736842105202 0.4771148167448324 0.28536842105263155 0.48145735626194197 0.3748421052631579 0.4293468820566267 0.3748421052631579 0.30232760118117075 0.3748421052631579 0.22090498523536567 0.2774736842105264 0.22307625499392042 0.0011578947368420813 0.23067569914886224
0 0.38931578947368417 0.43260378669445887 0.613 0.43694632621156854 0.6274736842105263 0.5151120375195414 0.606421052631579 0.7593798853569568 0.31431578947368416 0.7452666319263506 0.31168421052631573 0.5096838631231544
0 0.015631578947368437 0.4771148167448324 0.038 0.7105263157894737 0.30510526315789466 0.7181257599444155 0.3090526315789474 0.5053413236060449 0.38142105263157894 0.43586069133229116 0.28142105263157896 0.4857998957790516
0 0.038 0.7116119506687512 0.063 0.905940594059406 0.3090526315789474 0.9211394823692896 0.3037894736842105 0.7202970297029703
0 0.07484210526315792 0.9081118638179607 0.086 0.9983498349834984 0.31826315789473686 0.9949626541601528 0.31563157894736843 0.9222251172485669
0 0.31168421052631573 0.7452666319263506 0.6024736842105263 0.7561229807191245 0.5958947368421053 0.9667361472989404 0.3222105263157895 0.9504516241097795
0 0.306421052631579 0.954794163626889 0.599842105263158 0.9645648775403856 0.6011578947368421 0.9960482890394302 0.3208947368421052 0.9949626541601528
0 0.6248421052631579 0.31752648949105433 0.8603684210526317 0.32078339412888657 0.8577368421052631 0.45757338891783916 0.619578947368421 0.454316484280007
0 0.6182631578947368 0.4586590237971165 0.8577368421052631 0.4586590237971165 0.8524736842105263 0.6551589369463262 0.6182631578947368 0.6399600486364426 0.6301052631578948 0.5151120375195414
0 0.6235263157894737 0.64104568351572 0.8616842105263158 0.6508163974292166 0.9353684210526316 0.7724075039082855 0.8932631578947369 0.9732499565746048 0.6051052631578948 0.9623936077818308
0 0.6248421052631579 0.960222338023276 0.62 0.9983498349834984 0.888 0.9960482890394302 0.8972105263157893 0.9743355914538822
0 0.8932631578947369 0.08954316484280007 0.998 0.09405940594059406 0.998 0.37458745874587457 0.8603684210526317 0.3739795032134792 0.8616842105263158 0.321869029008164 0.8722105263157893 0.3153552197324996
0 0.8577368421052631 0.37832204273058884 0.998 0.37623762376237624 0.998 0.6171617161716172 0.9169473684210527 0.6063053673788432 0.9024736842105262 0.7040125065138093 0.8551052631578948 0.6475594927913845
0 0.9143157894736842 0.6041340976202884 0.998 0.6155115511551155 0.998 0.9587458745874587 0.9064210526315789 0.9450234497133925 0.938 0.7713218690290082 0.8972105263157893 0.7050981413930867
0 0.8985263157894737 0.9580510682647212 0.998 0.9603960396039604 0.998 0.995049504950495 0.8919473684210527 0.9938770192808755