0 0.0031351351351351013 0.023783783783783784 0.228 0.017297297297297294 0.25178378378378374 0.03243243243243243 0.24205405405405406 0.3697297297297297 0 0.374
0 0.25718918918918915 0.03459459459459459 0.37935135135135134 0.016216216216216214 0.5058378378378378 0.018378378378378378 0.5123243243243243 0.37189189189189187 0.24205405405405406 0.3621621621621621
0 0.5069189189189188 0.03027027027027027 0.7642162162162163 0.03135135135135135 0.760972972972973 0.372972972972973 0.5090810810810811 0.3697297297297297
0 0.7707027027027027 0.050810810810810805 0.998 0.044 0.998 0.388 0.7825945945945946 0.38918918918918916 0.760972972972973 0.37405405405405406
0 0.047459459459459424 0.022702702702702703 0.04637837837837839 0.0010810810810810809 0.7858378378378377 0.0021621621621621618 0.7782702702702702 0.036756756756756756
0 0.00854054054054052 0.3783783783783784 0.2474594594594595 0.3621621621621621 0.26151351351351343 0.6756756756756757 0.03664864864864865 0.6745945945945946
0 0.2485405405405405 0.3708108108108108 0.5090810810810811 0.36864864864864866 0.5047567567567568 0.6778378378378378 0.268 0.7016216216216216
0 0.5112432432432432 0.372972972972973 0.7598918918918919 0.372972972972973 0.7534054054054055 0.6897297297297297 0.5058378378378378 0.68
0 0.7577297297297295 0.387027027027027 0.998 0.388 0.9825945945945945 0.6983783783783784 0.7544864864864864 0.6886486486486486
0 0.03664864864864865 0.6702702702702702 0.059351351351351354 0.9459459459459459 0.2755675675675675 0.9535135135135134 0.2658378378378378 0.6789189189189189
0 0.2658378378378378 0.6994594594594595 0.508 0.6724324324324324 0.5004324324324324 0.9675675675675675 0.2809729729729729 0.9567567567567566
0 0.508 0.681081081081081 0.7512432432432431 0.6875675675675675 0.7285405405405404 0.9740540540540541 0.5036756756756756 0.9675675675675675
0 0.7544864864864864 0.6897297297297297 0.9739459459459459 0.6940540540540541 0.9544864864864865 0.9740540540540541 0.735027027027027 0.9740540540540541