0 0.12858369800826142 0.002165322362366697 0.13021962291930803 0.07470362150165105 0.09095742505419001 0.0010826611811833484
0 0.08768557523209684 0.005413305905916744 0.13349147274140116 0.09094353921940129 0.13349147274140116 0.307475775456071 0.03697190298965277 0.3063931142748877 0.03206412825651302 0.35403020624695497 0.00016359249110464957 0.3421209332539382 0.0009815549466279543 0.002165322362366697
0 0.03451801562308288 0.307475775456071 0.6618952190094475 0.3009798083689709 0.6758005807533434 0.8379797542359118 0.021430616334710235 0.8466410436853785
0 0.6627131814649707 0.32155037081145454 0.9979959919839679 0.3129973474801061 0.9979959919839679 0.8249336870026526 0.6758005807533434 0.8379797542359118
0 0.16866385832890268 0.0010826611811833484 0.16539200850680952 0.05954636496508417 0.18093329516175205 0.08336491095111784 0.5727373113574087 0.08877821685703459 0.5670115741687456 0.0032479835435500455
0 0.5678295366242689 0.002165322362366697 0.5743732362684553 0.08119958858875115 0.9228252423213774 0.11476208520543495 0.9269150545989939 0.13533264764791858 0.9408204163428898 0.11043144048070155 0.9334587542431801 0
0 0.15394053412948341 0.07470362150165105 0.5539241748803729 0.08553023331348455 0.551470287513803 0.3031451307313376 0.1449429471187272 0.30206246955015426
0 0.5522882499693264 0.08553023331348455 0.9252791296879472 0.11584474638661829 0.9220072798658541 0.31288908136198773 0.6627131814649707 0.32155037081145454 0.6643491063760173 0.29556650246305416 0.5522882499693264 0.29556650246305416
0 0.002617479857674536 0.8379797542359118 0.29054026420187307 0.8444757213230119 0.25209602879227844 0.9105180533751962 0.25618584106989484 0.9895523196015806 0 0.9946949602122016
0 0.2970839638460594 0.8433930601418285 0.9979959919839679 0.8249336870026526 0.9979959919839679 0.9973474801061007 0.25209602879227844 0.9928003031451307 0.24800621651466198 0.9105180533751962
0 0.9490000408981227 0.07686894386401776 0.9979959919839679 0.029177718832891247 0.9979959919839679 0.2493368700265252 0.9539078156312625 0.27066529529583716
0 0.9252791296879472 0.1385806311914686 0.9514539282646925 0.10285281221241811 0.9530898531757392 0.26849997293347044 0.9228252423213774 0.28582255183240407
0 0.9228252423213774 0.28582255183240407 0.9809005766635311 0.2587560223028203 0.9800826142080078 0.31721972608672117 0.9269150545989939 0.3161370649055378
0 0.9809005766635311 0.2587560223028203 0.9979959919839679 0.2493368700265252 0.9979959919839679 0.3103448275862069 0.9809005766635311 0.3118064201808044
0 0.13430943519692445 0.08769555567585124 0.1523046092184369 0.1364153088291019 0.135945360107971 0.3053104530937043