0 0.555014492753623 0.14951220042152835 0.5767536231884057 0.0028464028855137644 0.001391304347826008 0.0028464028855137644 0.00573913043478251 0.18427742650413922 0.10284057971014487 0.1245246941746518
0 0.00573913043478251 0.18427742650413922 0.10863768115942025 0.1234382808595702 0.5535652173913043 0.15277144036677312 0.5274782608695651 0.3667948634378463 0.11878260869565213 0.3635356234926015 0 0.4542728635682159
0 0.0042898550724637515 0.4526215153292918 0.120231884057971 0.3646220368076831 0.5260289855072463 0.36570845012276465 0.5187826086956521 0.5493123003715533 0.1419710144927535 0.5677813267279403 0 0.6611694152923538
0 0.001391304347826008 0.6601264585098755 0.14342028985507238 0.568867740043022 0.5187826086956521 0.5536579536318796 0.5086376811594202 0.6981509245377311 0.15791304347826077 0.7340025639354235 0.0245797101449275 0.7687677900180345
0 0.0245797101449275 0.7687677900180345 0.156463768115942 0.7340025639354235 0.5086376811594202 0.6948916845924863 0.48544927536231874 0.8285205223475217 0.15356521739130427 0.8882732546770092 0.04631884057971013 0.8828411881016012
0 0.04486956521739126 0.8828411881016012 0.15936231884057964 0.8882732546770092 0.4883478260869565 0.8317797622927665 0.47675362318840575 0.9588901201573126 0.28689855072463766 0.9958281728700866 0.05356521739130426 0.9936553462399234
0 0.28544927536231873 0.9925689329248418 0.4782028985507245 0.9567172935271494 0.48 0.9985007496251874
0 0.573855072463768 0.006105642830758533 0.555014492753623 0.15059861373660993 0.928927536231884 0.1755861199834865 0.9782028985507245 0.005019229515676944
0 0.555014492753623 0.1560306803120179 0.9158840579710142 0.17884535992873127 0.8724057971014493 0.3646220368076831 0.5332753623188405 0.36027638354735675
0 0.5303768115942028 0.36570845012276465 0.8709565217391303 0.3624492101775199 0.8347246376811592 0.5275840340699215 0.5187826086956521 0.5362753405905742
0 0.5187826086956521 0.5362753405905742 0.827478260869565 0.5232383808095952 0.801391304347826 0.6677313517154466 0.510086956521739 0.69054603133216
0 0.5071884057971012 0.6916324446472416 0.8057391304347825 0.6677313517154466 0.7782028985507246 0.801360189470482 0.4883478260869565 0.8296069356626035
0 0.492695652173913 0.8274341090324402 0.7782028985507246 0.7981009495252372 0.74631884057971 0.9208656541294569 0.482550724637681 0.9588901201573126
0 0.482550724637681 0.9588901201573126 0.7477681159420287 0.9208656541294569 0.7318260869565215 0.9980009995002498 0.4782028985507245 0.9958281728700866
0 0.8666086956521738 0.39395519631488596 0.9434202898550723 0.39395519631488596 0.998 0.41529235382308843 0.998 0.6191904047976012 0.9057391304347825 0.6177563392216934 0.820231884057971 0.5482258870564717
0 0.818782608695652 0.5493123003715533 0.9071884057971012 0.6199291658518566 0.998 0.6206896551724138 0.998 0.7586206896551724 0.8811014492753623 0.775286269908524 0.799942028985507 0.7133607109488733
0 0.792695652173913 0.7111878843187102 0.882550724637681 0.7763726832236055 0.998 0.7586206896551724 0.998 0.8245877061469266 0.8129855072463767 0.8513352019642352 0.7666086956521737 0.825261282402277
0 0.7695072463768116 0.8241748690871955 0.8115362318840578 0.8480759620189905 0.998 0.8245877061469266 0.998 0.9235382308845578 0.791246376811594 0.9534580535819046 0.756463768115942 0.9154335875540489
0 0.74631884057971 0.9121743476088042 0.792695652173913 0.9523716402668231 0.998 0.9250374812593704 0.9753043478260868 0.9980009995002498 0.7318260869565215 0.9958281728700866