0 0.0042898550724637515 0.23310266788527656 0.14342028985507238 0.23201462331897113 0.118 0 0 0
0 0.11733333333333326 0.0013491752622187398 0.14631884057971012 0.2374548461504983 0.3608115942028985 0.23201462331897113 0.35356521739130425 0.004613308961135047
0 0.3521159420289854 0.003525264394829612 0.3608115942028985 0.23527875701788745 0.5868985507246375 0.24289506898202548 0.594 0
0 0.5970434782608695 0.0013491752622187398 0.584 0.24398311354833094 0.7970434782608695 0.24398311354833094 0.8216811594202897 0.002437219828524176
0 0.0042898550724637515 0.234190712451582 0.3245797101449275 0.23854289071680373 0.3347246376811594 0.4811768290029159 0 0.47897897897897895
0 0.32892753623188403 0.2374548461504983 0.7579130434782607 0.24507115811463637 0.727478260869565 0.49858554206380296 0.3347246376811594 0.4811768290029159
0 0.7622608695652172 0.24724724724724723 0.998 0.24324324324324326 0.998 0.466966966966967 0.728927536231884 0.4572398485441963
0 0.14921739130434775 0.4811768290029159 0.14631884057971012 0.48661705183444315 0.1695072463768115 0.6955216085650868 0 0.6906906906906907 0 0.48348348348348347
0 0.15501449275362314 0.47900073987030506 0.337623188405797 0.4822648735692214 0.3419710144927535 0.7009618313966139 0.17675362318840576 0.6922574748661704
0 0.34052173913043476 0.48008878443661046 0.537623188405797 0.48661705183444315 0.5260289855072463 0.7042259650955303 0.34631884057971 0.7031379205292249
0 0.5419710144927535 0.49096923009966487 0.728927536231884 0.5007616311964138 0.6984927536231883 0.7129303216259737 0.5274782608695651 0.7042259650955303
0 0.728927536231884 0.45832789311050176 0.8811014492753623 0.46594420507463985 0.9347246376811593 0.511642076859468 0.8868985507246375 0.7194585890238063 0.701391304347826 0.7053140096618357 0.7303768115942028 0.5018496757627192
0 0.8839999999999998 0.4648561605083344 0.998 0.46996996996997 0.9970434782608695 0.7227227227227226 0.8955942028985505 0.7129303216259737 0.9419710144927536 0.5127301214257736
0 0.33327536231884053 0.7009618313966139 0.337623188405797 0.870696783740262 0 0.8603603603603603 0 0.6921921921921922
0 0.33182608695652166 0.7031379205292249 0.7028405797101448 0.7129303216259737 0.6811014492753622 0.8837533185359272 0.3390724637681159 0.8696087391739564
0 0.7057391304347825 0.7107542324933629 0.998 0.7207207207207207 0.998 0.8978978978978979 0.6854492753623188 0.8826652739696217
0 0.0028405797101448797 0.8598163380772076 0.16805797101449263 0.8652565609087348 0.16660869565217387 0.8848413631022326 0.1695072463768115 0.9969099534316924 0.026028985507246374 0.9979979979979979
0 0.16805797101449263 0.8652565609087348 0.33617391304347816 0.8739609174391783 0.33182608695652166 0.8891935413674544 0.3347246376811594 0.995821908865387 0.16805797101449263 0.995821908865387
0 0.3347246376811594 0.8696087391739564 0.5057391304347825 0.8794011402707054 0.492 0.9984984984984985 0.32602898550724624 0.9936458197327761
0 0.5028405797101447 0.8826652739696217 0.6695072463768115 0.8837533185359272 0.665159420289855 0.9947338642990816 0.48979710144927524 0.9947338642990816
0 0.673855072463768 0.8859294076685381 0.8506666666666665 0.895721808765287 0.83 0.9984984984984985 0.665159420289855 0.9925577751664707
0 0.8506666666666665 0.895721808765287 0.998 0.9009009009009009 0.998 0.996996996996997 0.827478260869565 0.9969099534316924