0 0.10618545374642935 0 0.10412546693034497 0.1535201522227988 0.0004394638540979968 0.05513751946030098 0.002499450670182377 0.0010811278325549214
0 0.002499450670182377 0.05513751946030098 0.10824544056251371 0.1535201522227988 0.10137881784223247 0.438937900017298 0 0.46099290780141844
0 0.09725884421006371 0.4400190278498529 0.0993188310261481 0.7167877529839128 0 0.851063829787234 0 0.46099290780141844
0 0.0004394638540979968 0.8497664763881682 0.05468578334431993 0.780574295104653 0.05674577016040431 0.8724701608718215 0.046445836079982414 0.8897682061927003 0.047132498352010534 0.9957187337830824 0 0.9929078014184397
0 0.05468578334431993 0.7773309116069883 0.09657218193803559 0.7221933921466874 0.09863216875411997 0.8076024909185261 0.06704570424082619 0.8649022660439369
0 0.0993188310261481 0.8021968517557515 0.3458305866842452 0.7859799342674277 0.34857723577235766 0.8811191835322608 0.34926389804438585 0.9946376059505274 0.04507251153592616 0.9924753502854178 0.04438584926389803 0.890849334025255
0 0.10961876510656997 0.00864902266043937 0.34789057350032954 0.02702819581387303 0.35063722258844204 0.0032433834976647634
0 0.10824544056251371 0.010811278325549211 0.35338387167655455 0.03243383497664764 0.34995056031641397 0.29298564262238364 0.10687211601845747 0.2681197024736205
0 0.10687211601845747 0.2681197024736205 0.34926389804438585 0.288661131292164 0.34720391122830147 0.5492129389379 0.09794550648209184 0.5329960214495761
0 0.09794550648209184 0.5329960214495761 0.34514392441221703 0.5448884276076803 0.3430839375961327 0.7859799342674277 0.09725884421006371 0.7978723404255318
0 0.35132388486047017 0 0.3526972094045265 0.2854177477944992 0.6246154691276642 0.3070403044455976 0.6280487804878048 0.005405639162774606
0 0.34651724895627334 0.2854177477944992 0.34995056031641397 0.6357031655422937 0.6321687541199736 0.6194862480539699 0.6328554163920016 0.3081214322781526
0 0.3458305866842452 0.6346220377097387 0.6280487804878048 0.6184051202214149 0.628735442759833 0.9351755751600068 0.34926389804438585 0.9567981318111053
0 0.34926389804438585 0.9567981318111053 0.6280487804878048 0.9362567029925618 0.6306306306306306 0.9964539007092199 0.3458305866842452 0.9946376059505274
0 0.6280487804878048 0.30595917661304267 0.71044825313118 0.27676872513405987 0.9977477477477478 0.29432624113475175 0.9977477477477478 0 0.6307954295759174 0.0010811278325549214
0 0.6301087673038892 0.30595917661304267 0.7077016040430674 0.2756875973015049 0.9977477477477478 0.29432624113475175 0.9974730828389363 0.6681370005189413 0.7035816304108987 0.6778671510119356 0.6321687541199736 0.6184051202214149
0 0.6321687541199736 0.6194862480539699 0.7022083058668424 0.6800294066770455 0.9977477477477478 0.6666666666666666 0.9977477477477478 0.9929078014184397 0.629422105031861 0.9946376059505274