0 0.13538461538461524 0.002163191139569092 0.16230769230769237 0.140607424071991 0 0.12373453318335208 0 0
0 0.13346153846153833 0.004326382279138184 0.345 0.0281214848143982 0.35461538461538455 0.1568313576187592 0.16230769230769237 0.1427706152115601
0 0.13538461538461524 0.002163191139569092 0.33730769230769214 0.02487669810504456 0.33153846153846145 0.0032447867093536383
0 0.345 0.0281214848143982 0.5046153846153846 0.05840616076836549 0.5219230769230769 0.17197369559574285 0.35846153846153833 0.15791295318854373
0 0.5065384615384614 0.06489573418707277 0.5334615384615383 0.057324565198580944 0.6815384615384614 0.08003807216405641 0.6892307692307693 0.18170805572380375 0.5238461538461539 0.17197369559574285
0 0.3353846153846152 0.0064895734187072765 0.33730769230769214 0.02271350696547547 0.5026923076923077 0.06381413861728821 0.5315384615384614 0.057324565198580944 0.6661538461538462 0.07679328545470278 0.6565384615384614 0.001081595569784546
0 0.6642307692307693 0.025958293674829106 0.7430769230769231 0 0.9142307692307691 0.01946872025612183 0.9142307692307691 0.10166998355974734 0.7603846153846152 0.09085402786190187 0.6911538461538462 0.1124859392575928 0.6796153846153845 0.07787488102448732
0 0.9161538461538462 0.02271350696547547 0.998 0.03487064116985377 0.998 0.11698537682789652 0.9142307692307691 0.10383317469931642
0 0.6757692307692307 0.10924115254823916 0.7546153846153846 0.0940988145712555 0.8853846153846152 0.10275157912953188 0.895 0.19901358484035647 0.7892307692307693 0.1925240114216492 0.6911538461538462 0.20982954053820194
0 0.8834615384615383 0.10275157912953188 0.998 0.1124859392575928 0.998 0.2047244094488189 0.8930769230769231 0.19901358484035647
0 0.010384615384615358 0.1265466816647919 0.2488461538461538 0.15142337976983647 0.2680769230769231 0.2736436791554902 0 0.2722159730033746
0 0.25076923076923074 0.15358657090940556 0.4969230769230769 0.16981050445617374 0.5046153846153846 0.28770442156268927 0.2680769230769231 0.2747252747252747
0 0.495 0.17305529116552737 0.695 0.18170805572380375 0.7007692307692307 0.28986761270225836 0.5046153846153846 0.2855412304231202
0 0.008461538461538453 0.2736436791554902 0.17384615384615382 0.27580687029505924 0.20076923076923073 0.40127195639006663 0 0.421822272215973
0 0.17384615384615382 0.27580687029505924 0.38538461538461527 0.2855412304231202 0.3969230769230769 0.3947823829713593 0.23730769230769239 0.40559833866920475 0.20653846153846142 0.4001903608202821
0 0.38538461538461527 0.2833780392835511 0.5315384615384614 0.28986761270225836 0.5411538461538462 0.3947823829713593 0.4007692307692307 0.39802716968071294
0 0.5315384615384614 0.28770442156268927 0.7046153846153845 0.28770442156268927 0.7103846153846153 0.3872112139828675 0.5815384615384614 0.3926191918317903 0.545 0.38829280955265205
0 0.30846153846153834 0.45643333044907847 0.3257692307692307 0.5678376741368867 0.04884615384615381 0.5992039456606385 0 0.5995500562429696 0.0007692307692307168 0.47698364627498485
0 0.30846153846153834 0.4596781171584321 0.5392307692307693 0.4423725880418794 0.5526923076923076 0.5429609760318421 0.3353846153846152 0.5656744829973176
0 0.5334615384615383 0.44129099247209486 0.7180769230769231 0.4293934412044648 0.72 0.5224106602059357 0.5584615384615383 0.540797784892273
0 0.006538461538461547 0.5981223500908539 0.05461538461538453 0.6002855412304232 0.2546153846153845 0.5775720342649476 0.2776923076923076 0.6976291425110321 0.08153846153846143 0.7344033918837068 0 0.6940382452193475
0 0.25653846153846144 0.5797352254045167 0.43923076923076926 0.5602665051483948 0.4603846153846152 0.6640996798477113 0.28153846153846146 0.6933027602318941
0 0.43923076923076926 0.5581033140088258 0.5892307692307693 0.538634593752704 0.6065384615384615 0.5462057627411958 0.6219230769230769 0.6381413861728822 0.4642307692307693 0.6640996798477113
0 0.5969230769230769 0.5353898070433504 0.7469230769230769 0.5170026823570131 0.7719230769230769 0.6056935190793459 0.6623076923076922 0.6273254304750367 0.6257692307692307 0.621917452626114
0 0.0007692307692307168 0.6933027602318941 0.07769230769230762 0.7333217963139222 0.36230769230769216 0.681405208964264 0.3776923076923076 0.7874015748031497 0.12769230769230763 0.8479709267110842 0 0.796400449943757
0 0.3642307692307693 0.6803236133944794 0.5853846153846153 0.643549364021805 0.5988461538461538 0.6824868045340485 0.5546153846153845 0.6954659513714632 0.5642307692307693 0.7538721121398286 0.38153846153846144 0.7895647659427186
0 0.5853846153846153 0.6424677684520205 0.62 0.6403045773124513 0.6257692307692307 0.6251622393354677 0.6584615384615383 0.629488621614606 0.77 0.6056935190793459 0.7719230769230769 0.6348965994635286 0.6026923076923076 0.681405208964264
0 0.0026923076923076224 0.7960543393614259 0.13346153846153833 0.8425629488621614 0.3065384615384614 0.8079518906290559 0.32961538461538453 0.9193562343168642 0.12769230769230763 0.9615384615384615 0.0007692307692307168 0.8587868824089296
0 0.2988461538461538 0.810115081768625 0.4738461538461538 0.774422427965735 0.4930769230769231 0.8706844336765597 0.33153846153846145 0.9161114476075106
0 0.4757692307692307 0.7711776412563814 0.5623076923076922 0.7549537077096131 0.5815384615384614 0.8501341178506532 0.4930769230769231 0.8728476248161288
0 0.7007692307692307 0.2109111361079865 0.7873076923076922 0.19793198927057193 0.9430769230769231 0.20442156268927922 0.9469230769230769 0.29203080384182745 0.7911538461538462 0.2985203772605347 0.7007692307692307 0.30500995067924197
0 0.9430769230769231 0.2022583715497101 0.998 0.20247469066366705 0.998 0.29358830146231724 0.945 0.28986761270225836
0 0.7026923076923076 0.3071731418188111 0.7911538461538462 0.30068356840010385 0.9065384615384614 0.2952755905511811 0.9161538461538462 0.3839664272735138 0.8084615384615383 0.3893744051224366 0.72 0.3872112139828675
0 0.9065384615384614 0.2909492082720429 0.998 0.2924634420697413 0.998 0.3779527559055118 0.9257692307692307 0.38072164056416025
0 0.7257692307692307 0.43371982348360294 0.8411538461538461 0.4315566323440339 0.9815384615384615 0.4142511032274812 0.9911538461538462 0.4986155576706758 0.8488461538461538 0.5170026823570131 0.7315384615384615 0.5105131089383057
0 0.9796153846153846 0.4142511032274812 0.998 0.41057367829021374 0.998 0.49606299212598426
0 0.7469230769230769 0.5115947045080903 0.8546153846153846 0.5159210867872285 0.945 0.5040235355195984 0.9488461538461538 0.5883879899627932 0.8430769230769231 0.6035303279397768 0.7719230769230769 0.5959591589512849
0 0.9469230769230769 0.5018603443800294 0.998 0.49718785151856015 0.998 0.5804274465691789 0.9488461538461538 0.5883879899627932
0 0.7738461538461539 0.5992039456606385 0.8373076923076922 0.6035303279397768 0.9969230769230769 0.5775720342649476 0.9969230769230769 0.6067751146491304 0.7796153846153845 0.6381413861728822
0 0.5488461538461538 0.6933027602318941 0.6911538461538462 0.6608548931383577 0.9507692307692307 0.6933027602318941 0.9507692307692307 0.7052003114995241 0.8353846153846153 0.7430561564419832 0.8565384615384615 0.8825819849441897 0.8315384615384614 0.8890715583628969 0.5815384615384614 0.8230942286060395
0 0.8296153846153845 0.7452193475815523 0.998 0.6895388076490439 0.9969230769230769 0.9236826165960024 0.8526923076923076 0.8879899627931124
0 0.5776923076923076 0.822012633036255 0.7661538461538462 0.8717660292463442 0.7757692307692308 0.9961495197715671 0.5930769230769231 0.9453145279916934
0 0.77 0.8739292203859133 0.998 0.9235095613048369 0.998 0.9988751406074241 0.7776923076923076 0.9950679242017825
0 0.7161538461538461 0.6532837241498658 0.839230769230769 0.629488621614606 0.998 0.6434195725534309 0.998 0.688413948256468 0.9488461538461538 0.7008739292203859
0 0.8584615384615384 0.6262438349052522 0.998 0.6040494938132733 0.998 0.6467941507311586