0 0.05142857142857133 0.004329004329004329 0.06857142857142844 0.18506493506493507 0.3123809523809523 0.17532467532467533 0.3047619047619048 0.004329004329004329
0 0.31047619047619035 0.007575757575757575 0.30666666666666653 0.10930735930735931 0.4419047619047619 0.10822510822510822 0.43619047619047613 0.007575757575757575
0 0.4380952380952381 0.004329004329004329 0.4419047619047619 0.08116883116883117 0.6285714285714284 0.07792207792207792 0.6266666666666665 0
0 0.6266666666666665 0 0.6304761904761904 0.06818181818181818 0.8228571428571428 0.06601731601731602 0.8152380952380952 0.003246753246753247
0 0.07428571428571422 0.18181818181818182 0.10666666666666652 0.3917748917748918 0.3238095238095239 0.38095238095238093 0.3142857142857142 0.18181818181818182
0 0.33333333333333326 0.20454545454545456 0.5676190476190475 0.20129870129870128 0.5885714285714284 0.3852813852813853 0.3219047619047619 0.3831168831168831
0 0.5657142857142855 0.20238095238095236 0.8323809523809523 0.19155844155844154 0.8438095238095237 0.37121212121212116 0.5885714285714284 0.3766233766233766
0 0.8285714285714284 0.1893939393939394 0.992 0.18181818181818182 0.992 0.37272727272727274 0.8419047619047619 0.36796536796536794
0 0.11238095238095229 0.3896103896103896 0.3485714285714284 0.3852813852813853 0.3771428571428571 0.5454545454545454 0.13523809523809519 0.5454545454545454
0 0.12190476190476193 0.54004329004329 0.11809523809523807 0.5595238095238095 0.15047619047619037 0.7067099567099567 0.36571428571428555 0.6948051948051949 0.36571428571428555 0.5487012987012987
0 0.3428571428571429 0.38095238095238093 0.48380952380952386 0.3852813852813853 0.4685714285714284 0.4101731601731602 0.48 0.5562770562770563 0.3923809523809523 0.5476190476190476
0 0.36 0.5508658008658008 0.48761904761904745 0.553030303030303 0.5066666666666665 0.7023809523809523 0.3771428571428571 0.7002164502164502
0 0.48571428571428554 0.38419913419913415 0.8419047619047619 0.37121212121212116 0.8723809523809523 0.3917748917748918 0.8685714285714284 0.5963203463203463 0.499047619047619 0.5963203463203463
0 0.84 0.36688311688311687 0.992 0.37272727272727274 0.992 0.5818181818181818 0.88 0.5854978354978354 0.8704761904761904 0.39285714285714285
0 0.4952380952380952 0.5974025974025974 0.5085714285714285 0.7694805194805194 0.8838095238095236 0.774891774891775 0.8838095238095236 0.5952380952380951
0 0.8933333333333333 0.5822510822510822 0.992 0.5772727272727273 0.992 0.7818181818181819 0.8857142857142856 0.7803030303030303