0 0.209992673992674 0.002167457788759564 0.23416849816849816 0.1918200143052214 0.3718974358974359 0.18965255651646185 0.368967032967033 0.004334915577519128
0 0.37116483516483517 0.002167457788759564 0.3740952380952381 0.1809827253614236 0.5118241758241758 0.18856882762208207 0.5198827838827839 0.002167457788759564
0 0.5198827838827839 0.002167457788759564 0.514021978021978 0.19290374319960119 0.6598095238095238 0.1994061165658799 0.6751941391941392 0.003251186683139346
0 0.21585347985347988 0.06935864924030605 0.20413186813186815 0.0661074625571667 0.18215384615384617 0.09320068491666125 0.2253772893772894 0.10295424496607927
0 0.17116483516483516 0.09320068491666125 0.22098168498168497 0.09970305828293995 0.2261098901098901 0.1398010273749919 0.13233699633699636 0.13438238290309296
0 0.13233699633699636 0.13329865400871319 0.08838095238095238 0.17773153867828423 0.2195164835164835 0.18748509872770228 0.22904029304029302 0.17448035199514492 0.2261098901098901 0.13438238290309296
0 0.08838095238095238 0.17773153867828423 0.014388278388278395 0.24058781455231157 0.1806886446886447 0.24817391681297007 0.21438827838827837 0.18856882762208207
0 0.009260073260073255 0.23408544118603292 0.17336263736263738 0.24383900123545096 0.12354578754578753 0.3370396861521122 0.0004688644688644672 0.3424583306240111 0.0004688644688644672 0.2579274768623881
0 0.0012014652014651973 0.3370396861521122 0.11695238095238096 0.33920714394087176 0.038564102564102566 0.4551661356395084 0.0979047619047619 0.7878709062141015 0 0.7958579881656804
0 0.2187838827838828 0.19073628541084162 0.36383882783882787 0.18965255651646185 0.3433260073260074 0.25250883239048916 0.18361904761904763 0.2503413746017296
0 0.18361904761904763 0.2503413746017296 0.33966300366300367 0.2503413746017296 0.3220805860805861 0.338123415046492 0.12501098901098903 0.3305373127858335
0 0.12501098901098903 0.3305373127858335 0.325010989010989 0.338123415046492 0.2913113553113553 0.4562498645338882 0.31475457875457874 0.7792010750590632 0.10010256410256411 0.7792010750590632 0.037831501831501836 0.45733359342826796
0 0.0012014652014651973 0.7976244662635196 0.09570695970695971 0.7878709062141015 0.1330695970695971 0.9959468539350196 0 0.9940828402366864
0 0.09204395604395606 0.7813685328478227 0.3088937728937729 0.7781173461646834 0.326 0.9970414201183432 0.1294065934065934 0.9970305828293994
0 0.36823443223443225 0.1853176409389427 0.5081611721611722 0.18856882762208207 0.5103589743589744 0.2590112057567679 0.34772161172161176 0.24925764570734985
0 0.34772161172161176 0.24925764570734985 0.5118241758241758 0.25359256128486896 0.5169523809523809 0.34462578841277064 0.32134798534798537 0.338123415046492
0 0.3242783882783883 0.338123415046492 0.5228131868131868 0.34679324620153024 0.5264761904761904 0.46491969568892644 0.525010989010989 0.7824522617422026 0.3154871794871795 0.7813685328478227 0.2935091575091575 0.4529986778507488
0 0.30962637362637363 0.7813685328478227 0.5184175824175824 0.7802848039534431 0.5191501831501831 0.9916119383575005 0.3242783882783883 0.9959468539350196
0 0.5088937728937728 0.1864013698333225 0.6502857142857144 0.19398747209398096 0.6715311355311355 0.2579274768623881 0.5147545787545788 0.25684374796800835
0 0.5147545787545788 0.25576001907362855 0.6773919413919414 0.2590112057567679 0.7162197802197802 0.3435420595183909 0.5198827838827839 0.338123415046492
0 0.5198827838827839 0.338123415046492 0.7206153846153847 0.34029087283525156 0.7653040293040293 0.4714220690552051 0.7286739926739927 0.7792010750590632 0.5272087912087913 0.7792010750590632 0.5301391941391942 0.4638359667945467
0 0.525010989010989 0.7759498883759238 0.727941391941392 0.7781173461646834 0.7308717948717949 0.7965407373691398 0.7052307692307693 0.9948631250406399 0.5191501831501831 0.9926956672518803
0 0.6707985347985348 0.08019593818410387 0.7037655677655678 0.08127966707848365 0.7272087912087912 0.11487526280425688 0.6715311355311355 0.1137915339098771
0 0.6832527472527472 0.006502373366278692 0.7228131868131868 0.00541864447189891 0.7147545787545788 0.0780284803953443 0.6686007326007326 0.07477729371220496
0 0.6715311355311355 0.11162407612111755 0.7286739926739927 0.11704272059301646 0.7521172161172162 0.14738712963565034 0.6686007326007326 0.144135942952511
0 0.6664029304029304 0.14738712963565034 0.7535824175824176 0.144135942952511 0.788014652014652 0.19398747209398096 0.662007326007326 0.19398747209398096
0 0.6532161172161173 0.19290374319960119 0.7872820512820513 0.18856882762208207 0.8363663003663003 0.25359256128486896 0.6707985347985348 0.25467629017924875
0 0.6707985347985348 0.25467629017924875 0.8370989010989012 0.24817391681297007 0.9088937728937728 0.33920714394087176 0.7184175824175824 0.3413746017296313
0 0.7184175824175824 0.3413746017296313 0.9162197802197802 0.3370396861521122 0.998 0.4378698224852071 0.9975384615384615 0.5635390250774867 0.9440586080586081 0.7846197195309622 0.7242783882783883 0.7835359906365824 0.7667692307692309 0.4703383401608254
0 0.7264761904761905 0.7770336172703036 0.941128205128205 0.7846197195309622 0.9381978021978021 0.8041268396297983 0.8971721611721611 0.9937793961462601 0.7044981684981685 0.9905282094631206 0.7308717948717949 0.7943732795803803
0 0.7096263736263736 0.07911220928972408 0.8055970695970696 0.0834471248672432 0.8334358974358974 0.109456618332358 0.7294065934065934 0.11162407612111755
0 0.7301391941391941 0.11162407612111755 0.8356336996336996 0.11054034722673776 0.8715311355311355 0.14738712963565034 0.7550476190476191 0.1430522140581312
0 0.7550476190476191 0.1430522140581312 0.8788571428571429 0.144135942952511 0.927941391941392 0.19073628541084162 0.7931428571428571 0.19073628541084162
0 0.7931428571428571 0.19073628541084162 0.927941391941392 0.18856882762208207 0.990945054945055 0.25250883239048916 0.8436923076923077 0.2503413746017296
0 0.8436923076923077 0.2503413746017296 0.9924102564102564 0.25250883239048916 0.9968058608058609 0.33920714394087176 0.9147545787545788 0.33920714394087176
0 0.914021978021978 0.338123415046492 0.998 0.33136094674556216 0.998 0.7869822485207101 0.9455238095238095 0.7813685328478227 0.998 0.5621301775147929 0.998 0.4378698224852071
0 0.9447912087912088 0.7846197195309622 0.9946080586080587 0.7846197195309622 0.9960732600732601 0.9926956672518803 0.8957069597069598 0.9883607516743612