0 0.37044198895027625 0 0.368232044198895 0.2248867457374231 0.0002762430939226306 0.23029267712534193 0.0035911602209944818 0.00216237255516753
0 0.3726519337016574 0.00432474511033506 0.368232044198895 0.2183996280719205 0.7925414364640883 0.23137386340292568 0.8267955801104973 0.0032435588327512947
0 0.8267955801104973 0.0032435588327512947 0.7914364640883977 0.2216431869046718 0.998 0.2309197651663405 0.998 0.0019569471624266144
0 0.35939226519337014 0.22596793201500687 0.35276243093922655 0.4854526386351104 0.0035911602209944818 0.4941021288557806 0.0035911602209944818 0.23137386340292568
0 0.3693370165745856 0.21948081434950428 0.7814917127071824 0.23461742223567697 0.7516574585635358 0.4746407758592728 0.3483425414364641 0.47247840330410523
0 0.7870165745856352 0.2216431869046718 0.998 0.2309197651663405 0.998 0.45792563600782776 0.773756906077348 0.45626060914034877 0.7616022099447514 0.4422051875317598
0 0.36049723756906077 0.47680314841444027 0.35939226519337014 0.7103393843725335 0.0024861878453038455 0.7298007373690413 0.004696132596685061 0.4941021288557806
0 0.36049723756906077 0.4713972170265215 0.7560773480662983 0.47355958958168903 0.7571823204419889 0.4540982365851812 0.7693370165745855 0.48977738374544544 0.7428176795580109 0.6930404039311933 0.35939226519337014 0.7038522667070309
0 0.7560773480662983 0.44004281497659226 0.7726519337016575 0.4530170503075975 0.998 0.4598825831702544 0.998 0.6692759295499021 0.7450276243093922 0.6681731195467667 0.7748618784530386 0.491939756300613
0 0.34060773480662976 0.7092581980949498 0.342817679558011 0.9049529143376113 0.0002762430939226306 0.9200895222237839 0.0024861878453038455 0.72655717853629
0 0.36049723756906077 0.7027710804294471 0.3726519337016574 0.8930598652841898 0.7207182320441989 0.8757608848428495 0.7450276243093922 0.6919592176536096
0 0.7450276243093922 0.6703354921019342 0.998 0.6731898238747553 0.998 0.8395303326810176 0.7273480662983425 0.8476500416256717
0 0.0024861878453038455 0.9179271496686164 0.3383977900552486 0.906034100615195 0.36049723756906077 0.869273767177347 0.3549723756906077 0.9968537479322312 0 0.9960861056751468
0 0.3726519337016574 0.8930598652841898 0.7295580110497237 0.8768420711204333 0.7052486187845305 0.9957725616546474 0.3616022099447514 0.9946913753770636
0 0.7229281767955802 0.8487312279032555 0.9958563535911601 0.8379193651274177 0.9947513812154696 0.9946913753770636 0.706353591160221 0.9946913753770636