0 0.10428985507246376 0.3809182365339069 0.3608115942028985 0.3896095430545596 0.3753043478260869 0.46131282184994454 0.3608115942028985 0.5080285943984528 0.03907246376811588 0.5102014210286161 0.014434782608695627 0.4308932490276601
0 0.033275362318840505 0.5069421810833713 0.03907246376811588 0.5895095930295722 0.33327536231884053 0.5960280729200617 0.3608115942028985 0.5558307802620428 0.3608115942028985 0.5112878343436977
0 0.07965217391304338 0.5905960063446537 0.07095652173913038 0.6101514460161223 0.08110144927536225 0.6829411381265889 0.37385507246376803 0.6742498316059361 0.3767536231884058 0.5569171935771244 0.3274782608695651 0.5992873128653065
0 0.08255072463768112 0.6818547248115072 0.09849275362318838 0.7492123503465657 0.3839999999999999 0.7329161506203419 0.39124637681159413 0.6948916845924863 0.36660869565217385 0.6894596180170783 0.3753043478260869 0.6731634182908545
0 0.2521159420289854 0.3016100645329509 0.3970434782608695 0.2950915846424613 0.4042898550724636 0.3298568107250722 0.24921739130434775 0.3428937705060513
0 0.22602898550724626 0.33746170393064334 0.24921739130434775 0.3352888773004802 0.24921739130434775 0.34072094387588814 0.38544927536231877 0.33420246398539855 0.3839999999999999 0.3972144362601308 0.19994202898550714 0.3830910631640701
0 0.437623188405797 0.351585077026704 0.591246376811594 0.34615301045129604 0.6332753623188405 0.4069921560958651 0.6332753623188405 0.4841275014666579 0.43907246376811576 0.48304108815157637 0.44052173913043474 0.4091649827260283
0 0.38110144927536227 0.3320296373552354 0.573855072463768 0.3352888773004802 0.5796521739130432 0.34941225039654084 0.43907246376811576 0.34832583708145926 0.437623188405797 0.39395519631488596 0.38255072463768114 0.39395519631488596
0 0.40284057971014486 0.3135606109988484 0.5187826086956521 0.28422745149164547 0.6013913043478261 0.3059557177932773 0.592695652173913 0.3472394237663777 0.573855072463768 0.3320296373552354 0.40863768115942023 0.333116050670317
0 0.5724057971014492 0.2950915846424613 0.5666086956521738 0.2690176650805032 0.6709565217391302 0.25598070529952416 0.7318260869565215 0.26467201182017686 0.7332753623188405 0.3103013710536036 0.6071884057971013 0.31464702431392993 0.6013913043478261 0.3037828911631141
0 0.6028405797101448 0.31790626425917473 0.7231304347826085 0.31464702431392993 0.7231304347826085 0.3428937705060513 0.6260289855072463 0.3352888773004802 0.6231304347826085 0.3613627968624383 0.5955942028985505 0.3472394237663777
0 0.7347246376811593 0.27770897160115593 0.8086376811594203 0.27770897160115593 0.9216811594202897 0.30921495773852203 0.9028405797101448 0.36570845012276465 0.8028405797101448 0.35267149034178563 0.782550724637681 0.3396345305608065 0.7535652173913042 0.3418073571909697 0.7216811594202898 0.3189926775742563 0.7390724637681158 0.3113877843686852
0 0.637623188405797 0.3385481172457249 0.7897971014492753 0.33637529061556176 0.8709565217391303 0.40590574278078345 0.856463768115942 0.4765226082610868 0.6782028985507245 0.47326336831584204 0.6492173913043477 0.42980683571257844 0.627478260869565 0.3711405166981726
0 0.40863768115942023 0.3950416096299676 0.43907246376811576 0.39286878299980443 0.4419710144927535 0.42437476913717054 0.4057391304347825 0.4232883558220889
0 0.36226086956521725 0.39830084957521233 0.401391304347826 0.39395519631488596 0.38979710144927526 0.45588075527453664
0 0.4042898550724636 0.4211155291919257 0.4419710144927535 0.4222019425070073 0.437623188405797 0.47869543489125 0.401391304347826 0.4765226082610868
0 0.3883478260869564 0.47543619494600525 0.44052173913043474 0.4776090215761684 0.44052173913043474 0.48738674141190275 0.6361739130434783 0.48521391478173953 0.665159420289855 0.48195467483649473 0.682550724637681 0.5384481672207374 0.6767536231884057 0.6144970992764487 0.3767536231884058 0.6166699259066118 0.3767536231884058 0.5406209938509006
0 0.3796521739130434 0.6166699259066118 0.673855072463768 0.6177563392216934 0.6709565217391302 0.6894596180170783 0.3753043478260869 0.69054603133216
0 0.39414492753623176 0.69054603133216 0.6709565217391302 0.6883732047019967 0.6666086956521737 0.73834821719575 0.392695652173913 0.7513851769767289
0 0.6724057971014492 0.47326336831584204 0.9390724637681158 0.47869543489125 0.9955942028985505 0.5178063142341872 0.992695652173913 0.6014601394954696 0.7057391304347825 0.600373726180388 0.692695652173913 0.5819046998240011 0.682550724637681 0.5351889272754926
0 0.6811014492753622 0.571040566673185 0.6767536231884057 0.6514351519892227 0.7332753623188405 0.7166199508941181 0.998 0.697151424287856 0.998 0.6056971514242878 0.7086376811594203 0.6025465528105511
0 0.6767536231884057 0.6503487386741411 0.6695072463768115 0.6840275514416705 0.7405217391304347 0.7861504030593398 0.998 0.760119940029985 0.998 0.7001499250374813 0.728927536231884 0.7187927775242813
0 0.8767536231884058 0.41133780935619146 0.9318260869565215 0.45588075527453664 0.927478260869565 0.47543619494600525 0.8608115942028985 0.4776090215761684
0 0.810086956521739 0.351585077026704 0.9086376811594202 0.3613627968624383 0.891246376811594 0.4167698759315994