0 0.02521951219512195 0.23089430894308946 0.14798373983739838 0.197289972899729 0.13578861788617888 0.4910569105691057 0 0.496
0 0.1536747967479675 0.1886178861788618 0.3122113821138211 0.15284552845528457 0.29757723577235773 0.4769647696476965 0.13497560975609757 0.4899728997289973
0 0.3138373983739838 0.15392953929539296 0.5057073170731707 0.1051490514905149 0.5016422764227643 0.4682926829268293 0.2959512195121951 0.4747967479674797
0 0.5122113821138212 0.1040650406504065 0.7544878048780488 0.03360433604336043 0.7601788617886179 0.44227642276422763 0.5048943089430894 0.4672086720867209
0 0.7528617886178862 0.03685636856368564 0.8666829268292684 0.0065040650406504065 0.998 0 0.998 0.432 0.7634308943089432 0.4444444444444444
0 0.002455284552845541 0.4953929539295393 0.1341626016260163 0.48672086720867214 0.11302439024390244 0.8075880758807589 0 0.7866666666666666
0 0.13741463414634147 0.48888888888888893 0.2967642276422764 0.47371273712737133 0.2829430894308943 0.8281842818428184 0.11383739837398374 0.8021680216802168
0 0.298390243902439 0.4845528455284553 0.5032682926829268 0.4715447154471545 0.4918861788617886 0.8563685636856369 0.2837560975609756 0.8260162601626017
0 0.5024552845528456 0.4682926829268293 0.7626178861788618 0.4444444444444444 0.7723739837398373 0.9073170731707317 0.4935121951219512 0.8574525745257453
0 0.7618048780487805 0.4444444444444444 0.998 0.432 0.998 0.936 0.7707479674796748 0.9051490514905149
0 0.008959349593495943 0.0953929539295393 0.2715609756097561 0.002168021680216802 0.998 0.005333333333333333 0.9975772357723577 0.997289972899729 0 0.9946666666666667
0 0.003268292682926841 0.001084010840108401 0.0016422764227642262 0.0899728997289973 0.0870081300813008 0.07262872628726287 0.0910731707317073 0.004336043360433604