0 0.005339105339105341 0.4134199134199134 0.05728715728715729 0.3831168831168831 0.11645021645021643 0.6287878787878787 0 0.6954545454545454
0 0.08903318903318903 0.3939393939393939 0.2232323232323232 0.3398268398268398 0.27734487734487734 0.37987012987012986 0.30836940836940835 0.566017316017316 0.1489177489177489 0.6406926406926406 0.10779220779220779 0.45995670995670995
0 0.24559884559884557 0.18398268398268397 0.26868686868686864 0.170995670995671 0.48297258297258294 0.17857142857142858 0.4836940836940837 0.3625541125541125 0.2787878787878788 0.3625541125541125 0.24776334776334777 0.3495670995670995
0 0.48225108225108226 0.19372294372294374 0.4974025974025974 0.18181818181818182 0.6763347763347763 0.19805194805194803 0.6763347763347763 0.37012987012987014 0.5017316017316017 0.36688311688311687 0.48802308802308797 0.3528138528138528
0 0.30187590187590185 0.36580086580086574 0.49668109668109667 0.36147186147186144 0.5067821067821068 0.538961038961039 0.36248196248196246 0.5606060606060606 0.32496392496392495 0.5119047619047619
0 0.32135642135642134 0.5075757575757576 0.3675324675324675 0.5595238095238095 0.4995670995670996 0.54004329004329 0.5046176046176046 0.711038961038961 0.3646464646464646 0.7337662337662337 0.3386724386724387 0.7023809523809523
0 0.11356421356421356 0.6244588744588745 0.16695526695526694 0.816017316017316 0 0.9045454545454545 0 0.6909090909090909
0 0.14963924963924963 0.6374458874458875 0.30981240981240976 0.566017316017316 0.34227994227994224 0.7348484848484848 0.18354978354978355 0.803030303030303
0 0.1554112554112554 0.8246753246753247 0.19393939393939394 0.9954545454545455 0 0.9954545454545455 0.0010101010101010064 0.9058441558441558
0 0.17994227994227993 0.8084415584415584 0.33362193362193365 0.7413419913419914 0.3581529581529581 0.8885281385281385 0.21096681096681097 0.9859307359307359 0.17344877344877346 0.8170995670995671
0 0.1950937950937951 0.9891774891774892 0.32640692640692637 0.9101731601731602 0.33636363636363636 0.9954545454545455
0 0.0010101010101010064 0.37012987012987014 0.03059163059163059 0.3647186147186147 0.029870129870129873 0.3874458874458875 0.004617604617604612 0.4047619047619047
0 0.06089466089466089 0.37554112554112556 0.1222222222222222 0.37445887445887444 0.09047619047619046 0.38636363636363635 0.10562770562770561 0.4588744588744589 0.07676767676767675 0.45562770562770566
0 0.3408369408369408 0.7056277056277056 0.36248196248196246 0.7326839826839826 0.5046176046176046 0.7099567099567099 0.5089466089466089 0.8755411255411255 0.38484848484848483 0.9112554112554113 0.3603174603174603 0.8896103896103895
0 0.3271284271284271 0.9101731601731602 0.3617604617604618 0.8852813852813852 0.387012987012987 0.9112554112554113 0.49018759018759017 0.8831168831168831 0.4909090909090909 0.9954545454545455 0.3365079365079365 0.9924242424242423
0 0.4995670995670996 0.36796536796536794 0.6424242424242425 0.37337662337662336 0.6402597402597402 0.5335497835497836 0.5132756132756132 0.5497835497835498 0.5067821067821068 0.538961038961039
0 0.5010101010101009 0.54004329004329 0.5132756132756132 0.5454545454545454 0.638095238095238 0.5367965367965367 0.6323232323232323 0.6818181818181818 0.5082251082251081 0.711038961038961
0 0.5067821067821068 0.7088744588744588 0.6373737373737374 0.6829004329004329 0.6330447330447331 0.8268398268398268 0.5161616161616162 0.8744588744588745
0 0.48802308802308797 0.8787878787878787 0.6337662337662338 0.829004329004329 0.6265512265512265 0.974025974025974 0.6 0.9954545454545455 0.4952380952380952 0.9935064935064934
0 0.6453102453102453 0.37337662337662336 0.7686868686868685 0.3647186147186147 0.7629148629148629 0.5281385281385281 0.6561327561327561 0.525974025974026 0.6424242424242425 0.5162337662337663
0 0.6395382395382395 0.5335497835497836 0.7535353535353534 0.5292207792207793 0.7492063492063492 0.6796536796536796 0.638095238095238 0.6829004329004329
0 0.638095238095238 0.6829004329004329 0.7470418470418471 0.6774891774891775 0.7441558441558441 0.8062770562770563 0.6352092352092352 0.8344155844155844
0 0.6330447330447331 0.827922077922078 0.7434343434343433 0.8073593073593074 0.7441558441558441 0.9415584415584416 0.6323232323232323 0.974025974025974
0 0.6012987012987012 0.9935064935064934 0.6337662337662338 0.9696969696969696 0.6352092352092352 0.9945887445887446
0 0.6366522366522366 0.9696969696969696 0.7455988455988456 0.9437229437229437 0.7454545454545455 0.9954545454545455 0.6393939393939394 0.9954545454545455
0 0.7470418470418471 0.6677489177489178 0.8545454545454545 0.7727272727272727 0.8494949494949494 0.8625541125541125 0.7722943722943723 0.9188311688311688 0.7463203463203463 0.8939393939393939
0 0.6835497835497835 0.3203463203463203 0.7773448773448773 0.3257575757575757 0.7730158730158729 0.5638528138528138 0.7556998556998556 0.566017316017316 0.7542568542568542 0.5324675324675324 0.7621933621933622 0.527056277056277 0.767965367965368 0.3625541125541125 0.6784992784992785 0.36904761904761907
0 0.7643578643578643 0.5670995670995671 0.7607503607503607 0.6774891774891775 0.7513708513708514 0.6688311688311688 0.7520923520923521 0.5649350649350648
0 0.7600288600288599 0.619047619047619 0.8076479076479076 0.6158008658008658 0.8963924963924963 0.6645021645021645 0.8884559884559885 0.7132034632034632 0.8588744588744588 0.724025974025974 0.848051948051948 0.7608225108225108 0.7636363636363637 0.672077922077922
0 0.8509379509379509 0.7564935064935064 0.8624819624819624 0.725108225108225 0.9187590187590188 0.7045454545454546 0.996969696969697 0.759090909090909 0.996969696969697 0.9181818181818182 0.967099567099567 0.9393939393939393 0.9526695526695526 0.922077922077922 0.9526695526695526 0.8517316017316017 0.8574314574314574 0.7857142857142857
0 0.855988455988456 0.7878787878787878 0.9548340548340548 0.8506493506493507 0.949062049062049 0.9761904761904762 0.9212121212121213 0.9954545454545455 0.8653679653679653 0.9945887445887446 0.8696969696969697 0.8993506493506493 0.8523809523809524 0.8603896103896104
0 0.7441558441558441 0.8928571428571428 0.77012987012987 0.9166666666666666 0.8502164502164502 0.8603896103896104 0.8711399711399711 0.8950216450216449 0.8668109668109668 0.9935064935064934 0.7463203463203463 0.9945887445887446
0 0.866089466089466 0.5854978354978354 0.9187590187590188 0.47619047619047616 0.9937950937950938 0.4837662337662338 0.9930735930735931 0.6904761904761905 0.9606060606060606 0.6266233766233766 0.8675324675324675 0.6103896103896104
0 0.8574314574314574 0.6406926406926406 0.8747474747474746 0.6136363636363636 0.962049062049062 0.6277056277056278 0.9901875901875902 0.6893939393939393 0.9476190476190477 0.7229437229437229 0.9202020202020201 0.7012987012987013 0.8862914862914864 0.7099567099567099 0.8963924963924963 0.6645021645021645