0 0.007188405797101382 0.2831410381765639 0.19414492753623175 0.2755361449709927 0.21443478260869564 0.4069921560958651 0.030376811594202878 0.41351063598635457
0 0.21733333333333327 0.15928992025726266 0.492695652173913 0.1549442669969363 0.5028405797101447 0.248375812093953 0.22747826086956513 0.2570671186146057
0 0.510086956521739 0.1245246941746518 0.8622608695652173 0.10496925450318319 0.8608115942028985 0.2309931990526476 0.5187826086956521 0.25272146535427936
0 0.18979710144927525 0.26575842513525844 0.7028405797101448 0.24403015883362664 0.692695652173913 0.454794341959455 0.2245797101449275 0.4623992351650261
0 0.701391304347826 0.25272146535427936 0.728927536231884 0.24403015883362664 0.998 0.22638680659670166 0.998 0.44377811094452774 0.7390724637681158 0.4526215153292918 0.6912463768115941 0.4211155291919257
0 0.026028985507246374 0.41242422267127304 0.1608115942028985 0.4145970493014362 0.10863768115942025 0.43632531560306803 0.012985507246376756 0.43197966234274165
0 0.16660869565217387 0.4145970493014362 0.220231884057971 0.4211155291919257 0.220231884057971 0.4471894487538839 0.11298550724637675 0.43632531560306803
0 0.165159420289855 0.41025139604110983 0.21298550724637674 0.4048193294657019 0.21733333333333327 0.4222019425070073
0 0.00573913043478251 0.43197966234274165 0.07675362318840576 0.4352389022879864 0.023130434782608632 0.46131282184994454 0.049217391304347755 0.6362253655780805 0 0.6371814092953523
0 0.06805797101449275 0.43632531560306803 0.22168115942028976 0.44175738217847593 0.22168115942028976 0.4645720617951893 0.482550724637681 0.4591399952197814 0.491246376811594 0.637311778893162 0.05066666666666663 0.6394846055233252 0.02168115942028976 0.4645720617951893
0 0.482550724637681 0.46131282184994454 0.692695652173913 0.4537079286443734 0.6941449275362318 0.42437476913717054 0.7419710144927535 0.4537079286443734 0.998 0.44377811094452774 0.9811014492753622 0.6405710188384068 0.5057391304347825 0.64274384546857
0 0.00573913043478251 0.6416574321534884 0.2332753623188405 0.6460030854138148 0.24631884057971012 0.7904960563196662 0.23182608695652163 0.8035330161006452 0 0.7946026986506747
0 0.228927536231884 0.6460030854138148 0.6883478260869565 0.6449166720987333 0.682550724637681 0.8165699758816243 0.25066666666666665 0.8024466027855637
0 0.6854492753623188 0.6449166720987333 0.9724057971014493 0.6438302587836516 0.9521159420289853 0.8176563891967059 0.6883478260869565 0.8111379093062164
0 0.0028405797101448797 0.7959281228950742 0.073855072463768 0.799187362840319 0.101391304347826 0.9219520674445386 0.092695652173913 0.9273841340199465 0 0.9250374812593704
0 0.07675362318840576 0.8002737761554005 0.4883478260869565 0.812224322621298 0.4955942028985505 0.9491124003215783 0.11008695652173912 0.9317297872802729
0 0.4868985507246375 0.8089650826760533 0.9361739130434781 0.8220020424570322 0.9231304347826085 0.9740999065684548 0.49994202898550727 0.9491124003215783