0 0.0020540540540540633 0.04756756756756757 0.32962162162162156 0.05405405405405405 0.35340540540540544 0.09189189189189188 0.34691891891891885 0.3459459459459459 0 0.344
0 0.348 0.07135135135135136 0.35772972972972966 0.05945945945945946 0.6939459459459458 0.07027027027027027 0.6961081081081081 0.3491891891891892 0.35232432432432426 0.34378378378378377
0 0.6928648648648648 0.07027027027027027 0.998 0.056 0.998 0.332 0.6982702702702702 0.34162162162162163
0 0.34475675675675677 0.34702702702702704 0.35124324324324324 0.6248648648648648 0 0.638 0 0.342
0 0.34475675675675677 0.34162162162162163 0.7036756756756756 0.3491891891891892 0.6971891891891892 0.6129729729729729 0.35772972972972966 0.6216216216216216
0 0.7025945945945946 0.34810810810810805 0.9955675675675675 0.33081081081081076 0.9977297297297296 0.5935135135135134 0.7004324324324323 0.6118918918918919
0 0.004216216216216196 0.6367567567567568 0.35556756756756747 0.6248648648648648 0.35124324324324324 0.9102702702702702 0.005297297297297291 0.9232432432432433
0 0.35664864864864865 0.6248648648648648 0.6971891891891892 0.6183783783783783 0.6939459459459458 0.8962162162162162 0.35448648648648645 0.8994594594594594
0 0.7015135135135135 0.6118918918918919 0.998 0.592 0.998 0.85 0.7004324324324323 0.8832432432432432
0 0.03772972972972968 0.9264864864864865 0.04097297297297297 0.9956756756756756 0.43664864864864866 0.9967567567567567 0.43448648648648647 0.9016216216216215
0 0.47124324324324324 0.9027027027027027 0.47232432432432425 0.9902702702702701 0.8409729729729729 0.9978378378378379 0.8355675675675674 0.8745945945945945
0 0.8355675675675674 0.8745945945945945 0.998 0.85 0.9955675675675675 0.9935135135135135 0.842054054054054 0.9945945945945945