0 0.03790509259259262 0.12864583333333335 0.15509259259259262 0.11345486111111111 0.3894675925925926 0.164453125 0.3836805555555556 0.18072916666666666 0.33015046296296297 0.1666232638888889 0.18402777777777785 0.183984375 0.17100694444444453 0.30225694444444445 0.03356481481481488 0.29900173611111114
0 0.014756944444444524 0.30008680555555556 0.16087962962962965 0.30659722222222224 0.16666666666666666 0.3641059027777778 0.18547453703703703 0.37712673611111114 0.17100694444444453 0.45633680555555556 0.12326388888888892 0.45633680555555556 0.12760416666666666 0.48563368055555556 0 0.4484375
0 0.04369212962962964 0.46827256944444445 0.04224537037037036 0.48454861111111114 0.09577546296296298 0.49756944444444445 0.10011574074074071 0.4834635416666667
0 0.04079861111111119 0.48888888888888893 0.04224537037037036 0.5214409722222222 0.10300925925925929 0.5344618055555556 0.10300925925925929 0.4997395833333334
0 0.04369212962962964 0.5203559027777778 0.04369212962962964 0.5474826388888889 0.08998842592592596 0.5680989583333333 0.09288194444444452 0.5377170138888889
0 0.04224537037037036 0.5463975694444445 0.04369212962962964 0.574609375 0.08564814814814821 0.5887152777777778 0.08998842592592596 0.5713541666666667
0 0.049479166666666664 0.5778645833333333 0.046585648148148216 0.6028211805555556 0.08854166666666667 0.613671875 0.08564814814814821 0.594140625
0 0.12037037037037036 0.45633680555555556 0.17390046296296297 0.457421875 0.17534722222222227 0.5388020833333333 0.15653935185185192 0.5431423611111111 0.12905092592592596 0.5344618055555556
0 0.17679398148148154 0.1861545138888889 0.3344907407407408 0.1687934027777778 0.3764467592592593 0.183984375 0.37210648148148157 0.31961805555555556 0.3446180555555556 0.31961805555555556 0.33304398148148157 0.38255208333333335 0.17390046296296297 0.36736111111111114
0 0.18547453703703703 0.36953125 0.3373842592592593 0.38472222222222224 0.32870370370370366 0.5116753472222222 0.30266203703703703 0.5192708333333333 0.3055555555555556 0.5778645833333333 0.18113425925925927 0.5409722222222222
0 0.38223379629629634 0.1101996527777778 0.5732060185185186 0.0765625 0.5486111111111112 0.29574652777777777 0.5833333333333334 0.30008680555555556 0.5862268518518519 0.31961805555555556 0.36921296296296297 0.32178819444444445 0.375 0.18506944444444445 0.3851273148148149 0.18072916666666666 0.3865740740740742 0.1666232638888889 0.37789351851851855 0.16011284722222224
0 0.5804398148148148 0.03532986111111111 0.7699652777777779 0.006032986111111112 0.9320023148148148 0.0027777777777777775 0.9979166666666667 0.0546875 0.9971064814814814 0.32178819444444445 0.8683449074074073 0.30008680555555556 0.5891203703703705 0.301171875 0.5500578703703705 0.29249131944444445
0 0.5804398148148148 0.29900173611111114 0.5717592592592593 0.5268663194444445 0.84375 0.5691840277777778 0.9045138888888891 0.5583333333333333 0.9594907407407407 0.45525173611111114 0.9979166666666667 0.334375 0.8654513888888891 0.301171875
0 0.3532986111111112 0.32612847222222224 0.5876736111111112 0.32504340277777777 0.5746527777777779 0.5268663194444445 0.5934606481481481 0.5442274305555556 0.5355902777777779 0.5529079861111111 0.32870370370370366 0.5149305555555556
0 0.3200231481481482 0.516015625 0.45023148148148157 0.5377170138888889 0.4314236111111112 0.6169270833333333 0.30410879629629634 0.5854600694444445
0 0.453125 0.5442274305555556 0.5283564814814814 0.5572482638888889 0.5833333333333334 0.5398871527777778 0.6383101851851852 0.5453125 0.6296296296296298 0.64296875 0.6050347222222224 0.6494791666666667 0.4314236111111112 0.6125868055555556
0 0.6368634259259259 0.5431423611111111 0.8336226851851852 0.5680989583333333 0.8885995370370371 0.5659288194444445 0.8640046296296298 0.6755208333333333 0.8350694444444445 0.6907118055555557 0.6296296296296298 0.64296875
0 0.12037037037037036 0.5312065972222222 0.09722222222222227 0.5388020833333333 0.08854166666666667 0.5908854166666667 0.17100694444444453 0.6147569444444445 0.18258101851851857 0.5615885416666667 0.2115162037037037 0.5539930555555556 0.17534722222222227 0.535546875 0.16087962962962965 0.5431423611111111
0 0.20572916666666666 0.5561631944444445 0.3084490740740742 0.5767795138888889 0.28674768518518523 0.5919704861111111 0.28964120370370366 0.6473090277777778 0.17534722222222227 0.6158420138888889 0.1869212962962963 0.5626736111111111
0 0.3070023148148149 0.5854600694444445 0.4299768518518519 0.6104166666666667 0.4256365740740742 0.6852864583333333 0.29108796296296297 0.6483940972222222 0.28964120370370366 0.5930555555555556
0 0.43287037037037035 0.613671875 0.5949074074074073 0.6483940972222222 0.5818865740740741 0.7319444444444445 0.4227430555555556 0.6874565972222222
0 0.6281828703703705 0.6440538194444445 0.8321759259259259 0.691796875 0.8611111111111112 0.6787760416666667 0.8495370370370371 0.7644965277777778 0.7873263888888891 0.7927083333333333 0.5818865740740741 0.7341145833333333 0.5978009259259259 0.6549045138888889
0 0.08854166666666667 0.5898003472222222 0.08998842592592596 0.6418836805555556 0.17679398148148154 0.6733506944444445 0.1724537037037037 0.6190972222222222
0 0.16377314814814822 0.6147569444444445 0.28819444444444453 0.6516493055555556 0.28530092592592593 0.7069878472222222 0.17824074074074073 0.6733506944444445
0 0.28530092592592593 0.6473090277777778 0.4227430555555556 0.6874565972222222 0.41984953703703703 0.7536458333333333 0.28819444444444453 0.7091579861111111
0 0.4227430555555556 0.6885416666666667 0.5717592592592593 0.7286892361111111 0.5746527777777779 0.8046440972222223 0.4227430555555556 0.750390625
0 0.5746527777777779 0.7286892361111111 0.7786458333333334 0.7905381944444445 0.8524305555555557 0.7623263888888889 0.8567708333333334 0.8144097222222223 0.7670717592592593 0.8795138888888889 0.5674189814814814 0.8024739583333333