0 0.22554112554112554 0.0010822510822510823 0.23528138528138526 0.10173160173160173 0.21796536796536795 0.34523809523809523 0.20064935064935063 0.3203463203463203 0 0.3181818181818182 0.0004329004329003991 0.006493506493506494
0 0.2536796536796536 0.004329004329004329 0.22987012987012986 0.3235930735930736 0.6173160173160173 0.3409090909090909 0.6075757575757575 0.0010822510822510823
0 0.22445887445887444 0.006493506493506494 0.2493506493506493 0.005411255411255411 0.24069264069264068 0.1038961038961039
0 0.6097402597402597 0.04329004329004329 0.6335497835497835 0.016233766233766232 0.9954545454545455 0.05 0.9954545454545455 0.37272727272727274 0.6216450216450217 0.3409090909090909
0 0.6064935064935064 0.003246753246753247 0.6064935064935064 0.04112554112554113 0.6335497835497835 0.017316017316017316 0.6735930735930735 0.017316017316017316 0.6757575757575757 0.005411255411255411
0 0.6757575757575757 0.005411255411255411 0.6757575757575757 0.017316017316017316 0.864069264069264 0.03679653679653679 0.8662337662337661 0.010822510822510822
0 0.8662337662337661 0.010822510822510822 0.8651515151515151 0.0303030303030303 0.9906926406926407 0.047619047619047616 0.9950216450216448 0.003246753246753247
0 0.0025974025974025883 0.316017316017316 0.1974025974025974 0.3181818181818182 0.20930735930735925 0.34848484848484845 0.19956709956709953 0.7305194805194805 0.18225108225108222 0.7132034632034632 0 0.7136363636363636
0 0.22445887445887444 0.32251082251082247 0.7201298701298701 0.34848484848484845 0.7233766233766233 0.725108225108225 0.20714285714285713 0.724025974025974
0 0.7212121212121212 0.36688311688311687 0.7471861471861472 0.3538961038961039 0.9954545454545455 0.36818181818181817 0.9917748917748919 0.7196969696969696 0.7623376623376622 0.7272727272727273 0.7255411255411256 0.7229437229437229
0 0.1844155844155844 0.7153679653679653 0.20497835497835495 0.7413419913419914 0.2 0.9954545454545455 0 0.9954545454545455 0.0004329004329003991 0.7175324675324676
0 0.20930735930735925 0.7272727272727273 0.6064935064935064 0.725108225108225 0.6136363636363636 0.9954545454545455 0.2028138528138528 0.9924242424242423
0 0.6086580086580087 0.7305194805194805 0.9939393939393938 0.7186147186147186 0.990909090909091 0.9954545454545455 0.6136363636363636 0.9954545454545455