0 0.016153846153846074 0.10166998355974734 0.1507692307692307 0.07463009431513368 0.4642307692307693 0.1265466816647919 0.4603846153846152 0.03785584494245912 0.3353846153846152 0 0.006538461538461547 0.004326382279138184
0 0.45846153846153836 0.07354849874534915 0.57 0.05948775633815003 0.7738461538461539 0.11789391710651553 0.7623076923076921 0.18387124686337283 0.46230769230769214 0.1265466816647919
0 0.7776923076923076 0.12546508609500734 0.839230769230769 0.12113870381586918 0.9719230769230769 0.1546681664791901 0.9680769230769231 0.21307432724755557 0.8411538461538461 0.18495284243315738 0.7661538461538462 0.18927922471229558
0 0.9757692307692307 0.16548412217703556 0.9969230769230769 0.16981050445617374 0.9969230769230769 0.22064549623604743 0.9738461538461538 0.2109111361079865
0 0.006538461538461547 0.09950679242017824 0.15269230769230763 0.07571168988491823 0.41230769230769215 0.11789391710651553 0.4161538461538462 0.21199273167777105 0.15269230769230763 0.1946872025612183 0 0.21147356580427445
0 0.41038461538461524 0.12005710824608462 0.6026923076923076 0.1568313576187592 0.5988461538461538 0.2314614519338929 0.41807692307692307 0.20982954053820194
0 0.6084615384615384 0.15574976204897464 0.7738461538461539 0.18495284243315738 0.7565384615384614 0.257419745608722 0.595 0.2325430475036774
0 0.7623076923076921 0.18603443800294195 0.845 0.18603443800294195 0.945 0.20766634939863285 0.9430769230769231 0.26607251016699834 0.8411538461538461 0.25633815003893745 0.7623076923076921 0.25850134117850654
0 0.945 0.20658475382884833 0.998 0.2215973003374578 0.998 0.2778402699662542 0.945 0.26390931902742926
0 0.010384615384615358 0.20766634939863285 0.15269230769230763 0.19576879813100284 0.46230769230769214 0.21415592281734014 0.4719230769230769 0.30825473738859566 0.145 0.30500995067924197 0 0.3138357705286839
0 0.4680769230769231 0.22821666522453923 0.5584615384615383 0.2314614519338929 0.7565384615384614 0.2606645323180756 0.7469230769230769 0.3266418620749329 0.5565384615384614 0.3114995240979493 0.4719230769230769 0.30500995067924197
0 0.7488461538461538 0.2595829367482911 0.8296153846153845 0.25633815003893745 0.9507692307692307 0.26823570130656743 0.9507692307692307 0.3233970753655793 0.8334615384615384 0.3233970753655793 0.7469230769230769 0.3190706930864411
0 0.945 0.269317296876352 0.998 0.27671541057367827 0.998 0.33070866141732286 0.9584615384615384 0.32447867093536387
0 0.0026923076923076224 0.31041792852816474 0.14115384615384619 0.30284675953967294 0.4142307692307693 0.3114995240979493 0.40653846153846146 0.3969455741109284 0.16230769230769237 0.41316950765769667 0 0.41057367829021374
0 0.41230769230769215 0.30825473738859566 0.5988461538461538 0.3190706930864411 0.595 0.3926191918317903 0.40461538461538454 0.3947823829713593
0 0.6007692307692307 0.31798909751665655 0.7430769230769231 0.32772345764471744 0.7411538461538462 0.3915375962620057 0.5969230769230769 0.3915375962620057
0 0.010384615384615358 0.40884312537855844 0.16038461538461524 0.41316950765769667 0.47 0.3969455741109284 0.4603846153846152 0.47590205070520025 0.16038461538461524 0.5083499177987367 0 0.5028121484814398
0 0.4757692307692307 0.3947823829713593 0.745 0.39045600069222114 0.7334615384615384 0.45643333044907847 0.5526923076923076 0.47157566842606213 0.4680769230769231 0.4618413082980012
0 0.0026923076923076224 0.505105131089383 0.15653846153846143 0.505105131089383 0.41038461538461524 0.4856364108332612 0.41230769230769215 0.5645928874275331 0.18153846153846143 0.607856710218915 0.004615384615384528 0.5851432032534394
0 0.4161538461538462 0.48239162412390757 0.45653846153846145 0.4748204551354157 0.4738461538461538 0.45643333044907847 0.5623076923076922 0.4726572639958467 0.5969230769230769 0.4704940728562776 0.5988461538461538 0.5332266159037813 0.40461538461538454 0.5656744829973176
0 0.5930769230769231 0.4704940728562776 0.7334615384615384 0.45643333044907847 0.7411538461538462 0.5234922557757203 0.6046153846153846 0.5375529981829195
0 0.012307692307692264 0.5829800121138703 0.18923076923076929 0.607856710218915 0.4680769230769231 0.5559401228692568 0.47769230769230764 0.6327334083239595 0.1680769230769231 0.7041187159297395 0.006538461538461547 0.669507657696634
0 0.4526923076923076 0.5537769317296876 0.7411538461538462 0.5213290646361513 0.7353846153846152 0.5905511811023622 0.5546153846153845 0.6165094747771913 0.4719230769230769 0.607856710218915
0 0.004615384615384528 0.6673444665570649 0.1719230769230769 0.703037120359955 0.4161538461538462 0.6478757463009431 0.4142307692307693 0.7279138184649996 0.17384615384615382 0.7917279570822877 0.0026923076923076224 0.7419745608721987
0 0.4142307692307693 0.6500389374405122 0.48346153846153833 0.6327334083239595 0.4757692307692307 0.6067751146491304 0.5565384615384614 0.6175910703469759 0.5969230769230769 0.6132646880678376 0.5988461538461538 0.681405208964264 0.41807692307692307 0.7257506273254304
0 0.5969230769230769 0.6154278792074068 0.7334615384615384 0.5916327766721468 0.7469230769230769 0.6511205330102967 0.595 0.679242017824695
0 0.010384615384615358 0.7419745608721987 0.1757692307692307 0.7960543393614259 0.4738461538461538 0.7149346716275851 0.4815384615384614 0.7819935969542268 0.17769230769230762 0.8782556026650514 0.0007692307692307168 0.810115081768625
0 0.4738461538461538 0.7116898849182313 0.7469230769230769 0.6511205330102967 0.7411538461538462 0.7073635026390932 0.5526923076923076 0.7592800899887514 0.4642307692307693 0.7473825387211214
0 0.0026923076923076224 0.8111966773384095 0.17769230769230762 0.8771740070952669 0.4238461538461538 0.8025439127801333 0.4315384615384614 0.8836635805139742 0.20269230769230762 0.9734360128060915 0.0026923076923076224 0.8858267716535433
0 0.4161538461538462 0.8025439127801333 0.47961538461538455 0.7765856191053041 0.47769230769230764 0.7473825387211214 0.5565384615384614 0.7592800899887514 0.5988461538461538 0.7495457298606905 0.6084615384615384 0.8144414640477633 0.42769230769230765 0.8739292203859133
0 0.5969230769230769 0.748464134290906 0.745 0.7073635026390932 0.7373076923076921 0.7668512589772432 0.6065384615384615 0.8111966773384095
0 0.7469230769230769 0.3223154797957948 0.8315384615384614 0.3223154797957948 0.9296153846153845 0.32447867093536387 0.9276923076923076 0.3839664272735138 0.8219230769230769 0.3850480228432984 0.745 0.38288483170372933
0 0.9276923076923076 0.3266418620749329 0.998 0.32845894263217096 0.998 0.38245219347581555 0.9315384615384614 0.3850480228432984
0 0.7353846153846152 0.37855844942459116 0.8373076923076922 0.3850480228432984 0.945 0.3839664272735138 0.9373076923076922 0.4391278013325257 0.8296153846153845 0.44453577918144843 0.7334615384615384 0.44345418361166394
0 0.9392307692307691 0.38612961841308296 0.998 0.38245219347581555 0.998 0.4341957255343082 0.9392307692307691 0.4358830146231721
0 0.7315384615384615 0.44129099247209486 0.8353846153846153 0.445617374751233 0.921923076923077 0.44020939690231026 0.9142307692307691 0.49645236653110664 0.8103846153846153 0.5040235355195984 0.7276923076923076 0.4996971532404603
0 0.92 0.4391278013325257 0.998 0.4341957255343082 0.998 0.484814398200225 0.9103846153846152 0.4899627931123994
0 0.7411538461538462 0.5040235355195984 0.8142307692307691 0.5040235355195984 0.9296153846153845 0.49645236653110664 0.921923076923077 0.5429609760318421 0.8123076923076922 0.5645928874275331 0.7373076923076921 0.5559401228692568
0 0.9257692307692307 0.49645236653110664 0.998 0.48931383577052867 0.998 0.5343082114735658 0.9238461538461538 0.5364714026131349
0 0.7392307692307692 0.5591849095786103 0.8084615384615383 0.5635112918577485 0.9026923076923076 0.5483689538807649 0.8988461538461539 0.5959591589512849 0.8142307692307691 0.621917452626114 0.7430769230769231 0.6154278792074068
0 0.9026923076923076 0.5483689538807649 0.9834615384615384 0.5353898070433504 0.9776923076923076 0.5818984165440858 0.9026923076923076 0.5970407545210694
0 0.97 0.5353898070433504 0.998 0.5343082114735658 0.998 0.5770528683914511 0.9757692307692307 0.5808168209743012
0 0.7373076923076921 0.6132646880678376 0.8123076923076922 0.6208358570563295 0.9123076923076922 0.5959591589512849 0.9142307692307691 0.6392229817426667 0.795 0.6770788266851259 0.745 0.6705892532664186
0 0.9180769230769231 0.5959591589512849 0.998 0.5770528683914511 0.998 0.6242969628796401 0.9603846153846153 0.633815003893744 0.92 0.6305702171843904
0 0.745 0.6673444665570649 0.7834615384615383 0.6738340399757723 0.8873076923076921 0.6522021285800813 0.889230769230769 0.7062819070693086 0.8007692307692307 0.7387297741628449 0.7469230769230769 0.7246690317556459
0 0.8796153846153846 0.6489573418707277 0.998 0.625421822272216 0.9930769230769231 0.669507657696634 0.8911538461538462 0.7052003114995241