0 0.1805040650406504 0.04227642276422764 0.190260162601626 0.08346883468834689 0.1813170731707317 0.12899728997289972 0.20977235772357722 0.443360433604336 0 0.4746666666666667 0.0008292682926829258 0.04986449864498645
0 0.206520325203252 0.053116531165311655 0.49107317073170736 0.044444444444444446 0.5447317073170732 0.1040650406504065 0.5390406504065041 0.4368563685636856 0.20733333333333331 0.4747967479674797 0.1805040650406504 0.12899728997289972
0 0.5105853658536585 0.061788617886178863 0.7431056910569106 0.05203252032520325 0.8569268292682928 0.1018970189701897 0.8366016260162602 0.4205962059620596 0.5406666666666666 0.437940379403794 0.549609756097561 0.1051490514905149
0 0.7422926829268293 0.04661246612466125 0.998 0.04 0.998 0.38666666666666666 0.8374146341463414 0.4010840108401084 0.8593658536585366 0.10623306233062331
0 0.004081300813008141 0.4747967479674797 0.2113983739837398 0.443360433604336 0.2463577235772358 0.7436314363143631 0 0.792
0 0.21790243902439027 0.4780487804878049 0.5406666666666666 0.437940379403794 0.5512357723577236 0.4661246612466125 0.5366016260162602 0.7609756097560976 0.2447317073170732 0.7826558265582656
0 0.5406666666666666 0.4336043360433604 0.8398536585365853 0.421680216802168 0.857739837398374 0.45420054200542004 0.8268455284552846 0.734959349593496 0.5398536585365854 0.7588075880758808 0.5504227642276422 0.47371273712737133
0 0.8398536585365853 0.4 0.998 0.3893333333333333 0.9959512195121951 0.6796747967479675 0.8300975609756098 0.6926829268292682 0.8585528455284553 0.45962059620596213 0.8398536585365853 0.4205962059620596
0 0.0008292682926829258 0.7934959349593496 0.24147967479674798 0.7479674796747968 0.2520487804878049 0.9084010840108401 0.0016422764227642262 0.9138211382113821
0 0.24391869918699188 0.7804878048780488 0.5349756097560976 0.7544715447154472 0.5341626016260163 0.9127371273712738 0.2512357723577236 0.9051490514905149
0 0.5341626016260163 0.7588075880758808 0.8154634146341464 0.734959349593496 0.7910731707317074 0.9149051490514906 0.5357886178861788 0.9084010840108401
0 0.8317235772357724 0.6915989159891599 0.998 0.6773333333333333 0.998 0.9146666666666666 0.790260162601626 0.9149051490514906 0.8138373983739837 0.7382113821138211 0.8260325203252032 0.7371273712737128
0 0.002455284552845541 0.04010840108401084 0.03985365853658536 0.020596205962059622 0.21790243902439027 0.014092140921409212 0.1943252032520325 0.08563685636856369 0.1813170731707317 0.044444444444444446
0 0.21627642276422768 0.015176151761517615 0.4544878048780488 0.0065040650406504065 0.4837560975609756 0.044444444444444446 0.20570731707317072 0.04769647696476965
0 0.4707479674796748 0.020596205962059622 0.6715609756097561 0.022764227642276424 0.7406666666666666 0.04986449864498645 0.508959349593496 0.06395663956639566
0 0.6894471544715448 0.023848238482384824 0.8910731707317073 0.01951219512195122 0.9292845528455285 0.03902439024390244 0.7455447154471544 0.04986449864498645
0 0.8910731707317073 0.017344173441734417 0.998 0.018666666666666668 0.998 0.037333333333333336 0.9309105691056911 0.041192411924119245
0 0.0723739837398374 0.01842818428184282 0.12603252032520326 0.001084010840108401 0.2528617886178862 0 0.2520487804878049 0.011924119241192412
0 0.2520487804878049 0.011924119241192412 0.2520487804878049 0.0032520325203252032 0.45530081300813 0
0 0.4585528455284552 0.004336043360433604 0.465869918699187 0.021680216802168025 0.6829430894308943 0.022764227642276424 0.6609918699186992 0.002168021680216802
0 0.6642439024390244 0.002168021680216802 0.6870081300813008 0.020596205962059622 0.89269918699187 0.015176151761517615 0.8707479674796748 0.0032520325203252032