0 0.0729437229437229 0.005411255411255411 0.020995670995671 0.1212121212121212 0.10974025974025972 0.4837662337662338 0 0.4909090909090909 0 0
0 0.0794372294372294 0.003246753246753247 0.23961038961038958 0.0021645021645021645 0.28831168831168824 0.46753246753246747 0.10974025974025972 0.4816017316017316 0.025324675324675316 0.12337662337662338
0 0.23961038961038958 0.0021645021645021645 0.41277056277056273 0.0021645021645021645 0.44848484848484843 0.10930735930735931 0.4593073593073593 0.45129870129870125 0.28939393939393937 0.46753246753246747
0 0.416017316017316 0.004329004329004329 0.5556277056277057 0.003246753246753247 0.6389610389610388 0.09090909090909091 0.6162337662337661 0.4242424242424242 0.4636363636363636 0.4383116883116883 0.44848484848484843 0.11363636363636363
0 0.5632034632034632 0.003246753246753247 0.7341991341991342 0.003246753246753247 0.8218614718614718 0.08333333333333333 0.7666666666666666 0.4177489177489177 0.6216450216450217 0.4264069264069264 0.6443722943722944 0.09090909090909091
0 0.7352813852813853 0.003246753246753247 0.8792207792207793 0.007575757575757575 0.9954545454545455 0.07727272727272727 0.9954545454545455 0.20454545454545456 0.9376623376623376 0.41883116883116883 0.7969696969696969 0.4296536796536796 0.773160173160173 0.4047619047619047 0.8229437229437229 0.08333333333333333
0 0.8781385281385282 0.005411255411255411 0.9954545454545455 0 0.9954545454545455 0.4 0.9398268398268398 0.4047619047619047 0.9928571428571427 0.20995670995670995 0.9928571428571427 0.07683982683982685
0 0.10432900432900431 0.48268398268398266 0.09675324675324672 0.5021645021645021 0.16818181818181818 0.737012987012987 0.010173160173160185 0.7575757575757576 0 0.7 0 0.4909090909090909
0 0.11298701298701294 0.4837662337662338 0.28831168831168824 0.4653679653679654 0.31861471861471863 0.7196969696969696 0.16277056277056276 0.7326839826839826
0 0.28831168831168824 0.4653679653679654 0.4571428571428571 0.45346320346320346 0.4668831168831168 0.6915584415584416 0.3142857142857143 0.7142857142857143
0 0.45822510822510815 0.44588744588744583 0.6183982683982684 0.4242424242424242 0.6043290043290043 0.6742424242424242 0.46471861471861475 0.6883116883116882
0 0.6183982683982684 0.4274891774891774 0.7699134199134199 0.4177489177489177 0.7417748917748918 0.6536796536796536 0.6075757575757575 0.6688311688311688
0 0.7720779220779219 0.4145021645021645 0.7958874458874458 0.43398268398268397 0.9181818181818182 0.41883116883116883 0.8705627705627705 0.6298701298701298 0.7482683982683983 0.6482683982683983
0 0.9203463203463204 0.4177489177489177 0.9365800865800865 0.4177489177489177 0.9409090909090909 0.4047619047619047 0.9954545454545455 0.39545454545454545 0.9954545454545455 0.6136363636363636 0.8738095238095238 0.6287878787878787
0 0.013419913419913405 0.7554112554112553 0.00909090909090909 0.7705627705627706 0.0794372294372294 0.9632034632034632 0.21580086580086577 0.9448051948051949 0.1725108225108225 0.7575757575757576 0.1649350649350649 0.7305194805194805
0 0.1638528138528138 0.7283549783549784 0.3207792207792207 0.7186147186147186 0.3521645021645022 0.9166666666666666 0.21580086580086577 0.9437229437229437
0 0.32510822510822507 0.7142857142857143 0.4658008658008658 0.6893939393939393 0.47554112554112554 0.7142857142857143 0.4809523809523809 0.8939393939393939 0.35 0.9090909090909091
0 0.4712121212121212 0.6893939393939393 0.6010822510822511 0.6731601731601732 0.614069264069264 0.6893939393939393 0.6086580086580087 0.8701298701298701 0.48528138528138526 0.8906926406926406
0 0.611904761904762 0.670995670995671 0.7396103896103895 0.6515151515151514 0.7471861471861472 0.6677489177489178 0.7179653679653679 0.8538961038961039 0.6097402597402597 0.8668831168831168
0 0.7471861471861472 0.6504329004329005 0.8705627705627705 0.6287878787878787 0.8792207792207793 0.6493506493506493 0.8359307359307357 0.8333333333333333 0.7212121212121212 0.8452380952380951
0 0.875974025974026 0.6309523809523809 0.9950216450216448 0.6125541125541125 0.9928571428571427 0.6612554112554113 0.9538961038961038 0.8116883116883116 0.838095238095238 0.827922077922078 0.8824675324675323 0.6547619047619048
0 0.9939393939393938 0.6623376623376622 0.9582251082251082 0.8106060606060606 0.9954545454545455 0.8045454545454546
0 0.003679653679653683 0.8506493506493507 0.030735930735930724 0.8441558441558441 0 0.7045454545454546