0 0.0010344827586206903 0.1756668835393624 0.014137931034482762 0.1398828887443071 0.20379310344827586 0.15940143135979182 0.2341379310344828 0.18542615484710476 0.23620689655172414 0.274343960095424 0.0410344827586207 0.25374105400130126 0.027931034482758618 0.30579050097592714 0.005172413793103452 0.31446540880503143
0 0.003103448275862071 0.3155497722836695 0.023793103448275864 0.3068748644545652 0.030689655172413795 0.46736065929299503 0.008620689655172414 0.46193884189980483
0 0.02448275862068966 0.3122966818477554 0.041724137931034494 0.25048796356538716 0.23827586206896553 0.27542832357406205 0.29344827586206895 0.28627195836044245 0.3031034482758621 0.301453047061375 0.306551724137931 0.4738668401648233 0.03206896551724138 0.466276295814357
0 0.00793103448275862 0.465191932335719 0.04862068965517241 0.46736065929299503 0.04862068965517241 0.6083279115159402 0.012758620689655175 0.5974842767295597
0 0.05206896551724138 0.46952938625027113 0.2106896551724138 0.46952938625027113 0.20793103448275863 0.6386900889178052 0.09 0.6517024506614617 0.04931034482758621 0.603990457601388
0 0.21275862068965518 0.468445022771633 0.30931034482758624 0.4738668401648233 0.30586206896551726 0.4521795705920625 0.3272413793103448 0.4706137497289091 0.3313793103448276 0.6289308176100629 0.23137931034482762 0.6451962697896335 0.20793103448275863 0.6191715463023205
0 0.07413793103448277 0.6397744523964434 0.05344827586206897 0.6376057254391673 0.05275862068965517 0.7883322489698548 0.07413793103448277 0.8468878768163088 0.31689655172413794 0.7872478854912167 0.3217241379310345 0.6354369984818912 0.23482758620689656 0.6462806332682716 0.2120689655172414 0.6159184558664064 0.20862068965517241 0.6332682715246151 0.09137931034482759 0.6506180871828237
0 0.008620689655172414 0.5953155497722837 0.02103448275862069 0.5996530036868358 0.01896551724137931 0.7471264367816093 0.00793103448275862 0.741704619388419
0 0.011379310344827587 0.5421817393190198 0 0.5440251572327044 0 0.6477987421383647 0.004482758620689658 0.6538711776187378
0 0.02241379310344828 0.6050748210800261 0.04310344827586208 0.6072435480373021 0.03344827586206897 0.738451528952505 0.021724137931034483 0.6939926263283454
0 0.04931034482758621 0.6072435480373021 0.07551724137931035 0.6397744523964434 0.05137931034482759 0.6376057254391673 0.05551724137931035 0.7905009759271308 0.03344827586206897 0.738451528952505
0 0.0203448275862069 0.6983300802428974 0.03620689655172414 0.7373671654738668 0.025172413793103452 0.8382129689872045 0.014827586206896556 0.8024289741921492
0 0.03896551724137932 0.741704619388419 0.05 0.7861635220125787 0.04241379310344828 0.8935155063977446 0.027241379310344833 0.8577315116026892
0 0.05137931034482759 0.7872478854912167 0.03344827586206897 0.9076122316200391 0.09482758620689656 0.9932769464324442 0.20379310344827586 0.9954456733897202 0.23068965517241377 0.9824333116460638 0.2320689655172414 0.8284536976794621 0.22241379310344828 0.8067664281067014 0.07275862068965518 0.8447191498590328
0 0.22586206896551725 0.8100195185426156 0.31689655172413794 0.7872478854912167 0.3306896551724138 0.7926697028844069 0.33 0.9401431359791802 0.23344827586206895 0.9878551290392541 0.22931034482758622 0.9791802212101497
0 0.23689655172413795 0.19193233571893298 0.2479310344827586 0.1843417913684667 0.25620689655172413 0.20277597050531337 0.25551724137931037 0.27542832357406205 0.23689655172413795 0.274343960095424
0 0.25137931034482763 0.18867924528301888 0.2775862068965517 0.15181088700932552 0.2872413793103448 0.1615701583170679 0.29 0.2819345044458903 0.25482758620689655 0.27651268705270005
0 0.28586206896551725 0.1615701583170679 0.3120689655172414 0.1344610713511169 0.33275862068965517 0.1453047061374973 0.3520689655172414 0.1453047061374973 0.35758620689655174 0.3079592279332032 0.3182758620689655 0.31880286271958364 0.2920689655172414 0.2830188679245283
0 0.35344827586206895 0.1290392539579267 0.5086206896551725 0.06397744523964433 0.5313793103448275 0.07373671654738669 0.5258620689655172 0.2710908696595099 0.51 0.2819345044458903 0.48862068965517247 0.27868141400997615 0.35344827586206895 0.3047061374972891
0 0.5231034482758621 0.05421817393190198 0.6693103448275862 0.004337453914552158 0.89 0.005421817393190198 0.8789655172413793 0.27325959661678595 0.7493103448275863 0.246150509650835 0.5293103448275863 0.2721752331381479
0 0.8955172413793103 0.02494036000867491 0.9368965517241379 0.01626545217957059 0.960344827586207 0.06831489915419649 0.9541379310344827 0.29494686618954674 0.8782758620689656 0.2710908696595099
0 0.9575862068965517 0.06939926263283452 0.9906896551724138 0.0574712643678161 0.998 0.07547169811320754 0.998 0.31446540880503143 0.9582758620689655 0.29494686618954674
0 0.30379310344827587 0.3198872261982217 0.3472413793103448 0.3101279548904793 0.3472413793103448 0.4814573845152895 0.32862068965517244 0.46736065929299503 0.30586206896551726 0.4521795705920625
0 0.3479310344827586 0.30253741054001304 0.4210344827586207 0.2906094122749946 0.41965517241379313 0.4847104749512037 0.34862068965517246 0.4771199306007374
0 0.4203448275862069 0.29169377575363264 0.4893103448275863 0.2830188679245283 0.5141379310344828 0.2851875948818044 0.5106896551724138 0.4890479288657558 0.4182758620689655 0.4836261114725656
0 0.5093103448275863 0.2797657774886142 0.5272413793103449 0.2689221427022338 0.6162068965517242 0.2635003253090436 0.606551724137931 0.5129039253957927 0.5113793103448275 0.4868792019084798
0 0.6127586206896553 0.26458468878768165 0.740344827586207 0.24831923660811106 0.8189655172413793 0.2667534157449577 0.8196551724137932 0.5259162871394492 0.7444827586206897 0.5421817393190198 0.6120689655172414 0.5085664714812405
0 0.8168965517241379 0.26458468878768165 0.8989655172413793 0.2830188679245283 0.8831034482758621 0.5118195619171546 0.820344827586207 0.519410106267621
0 0.8982758620689656 0.27651268705270005 0.9727586206896552 0.30362177401865104 0.9617241379310345 0.5053133810453264 0.8817241379310345 0.5096508349598786
0 0.9706896551724138 0.301453047061375 0.998 0.31761006289308175 0.998 0.5094339622641509 0.963793103448276 0.5074821080026025
0 0.3279310344827586 0.465191932335719 0.3624137931034483 0.4836261114725656 0.36379310344827587 0.6365213619605292 0.34172413793103446 0.6451962697896335 0.33275862068965517 0.631099544567339
0 0.3610344827586207 0.4814573845152895 0.49965517241379315 0.4901322923443938 0.49965517241379315 0.6939926263283454 0.36448275862068963 0.6343526350032531
0 0.4989655172413793 0.48579483842984167 0.743103448275862 0.5410973758403818 0.8424137931034482 0.5183257427889829 0.8375862068965517 0.7633918889611798 0.7486206896551725 0.8045977011494253 0.5010344827586207 0.6907395358924312
0 0.8431034482758621 0.5183257427889829 0.9348275862068967 0.5053133810453264 0.9286206896551724 0.7297766211234006 0.8555172413793104 0.7644762524398178 0.8417241379310345 0.7547169811320755
0 0.9355172413793104 0.5063977445239645 0.9975862068965519 0.5107351984385167 0.9941379310344828 0.6939926263283454 0.9265517241379311 0.7243548037302103
0 0.3306896551724138 0.631099544567339 0.33827586206896554 0.6473649967469095 0.3582758620689655 0.6451962697896335 0.3548275862068966 0.7764042507048363 0.33620689655172414 0.7915853394057688 0.3182758620689655 0.7785729776621124
0 0.36586206896551726 0.6365213619605292 0.4189655172413793 0.660377358490566 0.40586206896551724 0.6723053567555844 0.40862068965517245 0.8338755150726523 0.356896551724138 0.7937540663630449
0 0.4203448275862069 0.65820863153329 0.49344827586206896 0.6939926263283454 0.49137931034482757 0.8870093255259164 0.4713793103448276 0.8880936890045542 0.40793103448275864 0.8317067881153762 0.4072413793103448 0.6777271741487747
0 0.5058620689655172 0.6918238993710691 0.6148275862068966 0.7427889828670571 0.6044827586206897 0.7547169811320755 0.5955172413793104 0.9694209499024073 0.5775862068965517 0.9813489481674258 0.48862068965517247 0.9086965950986771 0.49344827586206896 0.7091737150292778
0 0.6168965517241379 0.7427889828670571 0.7479310344827585 0.8089351550639774 0.8389655172413794 0.7590544350466276 0.8562068965517242 0.7677293428757319 0.9162068965517242 0.7362828019952288 0.9155172413793103 0.936890045543266 0.8382758620689655 0.9921925829538061 0.6113793103448275 0.9965300368683584 0.5927586206896552 0.9748427672955975 0.606551724137931 0.7623075254825418
0 0.920344827586207 0.7373671654738668 0.9948275862068965 0.6983300802428974 0.998 0.8333333333333334 0.9127586206896552 0.9271307742355238
0 0.3279310344827586 0.7894166124484927 0.3431034482758621 0.7915853394057688 0.3451724137931035 0.9390587725005423 0.33482758620689657 0.9379744090219042
0 0.35413793103448277 0.7894166124484927 0.46862068965517245 0.8902624159618305 0.4893103448275863 0.8902624159618305 0.4872413793103449 0.9076122316200391 0.49344827586206896 0.9141184124918672 0.492 0.9968553459119497 0.3879310344827587 0.9965300368683584 0.35 0.9433962264150944 0.34172413793103446 0.794838429841683
0 0.49275862068965526 0.9141184124918672 0.5768965517241379 0.9856864020819779 0.5920689655172414 0.9770114942528735 0.6106896551724138 0.9965300368683584 0.49275862068965526 0.9943613099110822
0 0.8389655172413794 0.9932769464324442 0.9148275862068966 0.9379744090219042 0.9148275862068966 0.9932769464324442
0 0.9120689655172414 0.9401431359791802 0.9817241379310345 0.8588158750813273 0.9796551724137932 0.991108219475168 0.9120689655172414 0.9932769464324442
0 0.983103448275862 0.8588158750813273 0.998 0.8333333333333334 0.998 0.9968553459119497 0.9824137931034482 0.991108219475168