0 0.014434782608695627 0.1658084001477522 0.17095652173913037 0.1668948134628338 0.1883478260869565 0.3016100645329509 0 0.31634182908545727
0 0.17385507246376802 0.16254916020250743 0.28544927536231873 0.1538578536818547 0.3883478260869564 0.16254916020250743 0.4158840579710145 0.1864502531343024 0.4216811594202898 0.2635855985050953 0.39414492753623176 0.3005236512178693 0.192695652173913 0.3016100645329509
0 0.5521159420289855 0.15277144036677312 0.9361739130434781 0.14842578710644674 0.9129855072463767 0.29726441127262454 0.54631884057971 0.3026964778480325
0 0.484 0.1777589466136497 0.5158840579710146 0.16906764009299696 0.5129855072463767 0.2679312517654216 0.48544927536231874 0.25380787866936094
0 0.5187826086956521 0.16798122677791538 0.5521159420289855 0.16798122677791538 0.5506666666666665 0.2711904917106664 0.5158840579710146 0.2690176650805032
0 0.9361739130434781 0.15820350694218105 0.998 0.15892053973013492 0.998 0.25337331334332835 0.9245797101449275 0.2581535319296873
0 0.0028405797101448797 0.3124741976837668 0.256463768115942 0.3026964778480325 0.28689855072463766 0.4287204223974969 0.2782028985507245 0.43958455554831277 0 0.4452773613193403
0 0.2608115942028985 0.3026964778480325 0.392695652173913 0.3026964778480325 0.4245797101449275 0.2624991851900137 0.4608115942028985 0.26141277187493206 0.46805797101449276 0.3037828911631141 0.47675362318840575 0.42002911587684416 0.2825507246376811 0.4330660756578232
0 0.5042898550724637 0.2787953849162375 0.54631884057971 0.2690176650805032 0.547768115942029 0.30486930447819566 0.9173333333333332 0.29617799795754296 0.9057391304347825 0.4406709688633943 0.5318260869565218 0.44936227538404705 0.49414492753623174 0.3896095430545596
0 0.9202318840579707 0.2592399452447689 0.9955942028985505 0.248375812093953 0.9955942028985505 0.4265475957673337 0.9680579710144925 0.4287204223974969 0.9071884057971012 0.4048193294657019
0 0.14486956521739125 0.4461030354388023 0.1695072463768115 0.5482258870564717 0.00573913043478251 0.5612628468374508 0 0.44377811094452774
0 0.14631884057971012 0.4450166221237207 0.2782028985507245 0.44175738217847593 0.2897971014492753 0.4276340090824153 0.4796521739130435 0.4156834626165178 0.491246376811594 0.5514851270017165 0.16660869565217387 0.5536579536318796
0 0.48979710144927524 0.3874367164243965 0.5028405797101447 0.5797318731938378 0.7216811594202898 0.5699541533581035 0.728927536231884 0.44936227538404705 0.5303768115942028 0.4537079286443734
0 0.7332753623188405 0.4482758620689655 0.9042898550724637 0.4428437954935575 0.9115362318840577 0.4048193294657019 0.956463768115942 0.4341524889729048 0.9390724637681158 0.5699541533581035 0.728927536231884 0.5742998066184298
0 0.008637681159420254 0.5569171935771244 0.28544927536231873 0.5525715403167981 0.3028405797101449 0.6394846055233252 0.29559420289855065 0.6503487386741411 0.001391304347826008 0.6655585250852833
0 0.28689855072463766 0.5558307802620428 0.4782028985507245 0.5536579536318796 0.4796521739130435 0.637311778893162 0.30863768115942025 0.6460030854138148
0 0.5535652173913043 0.5721269799882667 0.9071884057971012 0.5666949134128587 0.8955942028985505 0.6796818981813441 0.573855072463768 0.6948916845924863 0.5492173913043478 0.6470894987288963
0 0.031826086956521636 0.661212871824957 0.05066666666666663 0.7416074571409946 0.220231884057971 0.7350889772505051 0.2057391304347825 0.6536079786193859
0 0.2057391304347825 0.6536079786193859 0.22313043478260863 0.7513851769767289 0.5071884057971012 0.7394346305108315 0.5129855072463767 0.6329661256328357 0.31298550724637675 0.6460030854138148
0 0.040521739130434754 0.7437802837711578 0.2245797101449275 0.7329161506203419 0.22313043478260863 0.7470395237164027 0.3187826086956521 0.7470395237164027 0.3274782608695651 0.825261282402277 0.047768115942028885 0.8317797622927665
0 0.030376811594202878 0.6590400451947939 0.05501449275362313 0.7405210438259131 0.03907246376811588 0.7502987636616474 0.05501449275362313 0.8274341090324402 0 0.8500749625187406 0 0.6686656671664168
0 0.31733333333333325 0.7459531104013211 0.48110144927536225 0.7394346305108315 0.4883478260869565 0.823088455772114 0.3245797101449275 0.823088455772114
0 0.05936231884057963 0.825261282402277 0.07675362318840576 0.8578536818547247 0.0521159420289855 0.9165200008691307 0 0.9160419790104948 0 0.8500749625187406
0 0.07240579710144925 0.8328661756078483 0.09124637681159413 0.9067422810333962 0.23762318840579702 0.90239662777307 0.2347246376811594 0.8285205223475217
0 0.23617391304347815 0.8361254155530929 0.5042898550724637 0.8220020424570322 0.5129855072463767 0.9078286943484779 0.24631884057971012 0.9186928274992937
0 0.5187826086956521 0.618842752536775 0.54631884057971 0.6177563392216934 0.573855072463768 0.7024965777980574 0.7173333333333333 0.6894596180170783 0.7144347826086955 0.7872368163744214 0.5144347826086955 0.7948417095799926
0 0.7144347826086955 0.6938052712774047 0.9129855072463767 0.6753362449210177 0.901391304347826 0.7774590965386871 0.720231884057971 0.7850639897442583
0 0.5144347826086955 0.793755296264911 0.5318260869565218 0.8817547747865196 0.8347246376811592 0.8698042283206222 0.8477681159420287 0.7839775764291768
0 0.528927536231884 0.8698042283206222 0.5187826086956521 0.8893596679920909 0.5260289855072463 0.9740999065684548 0.6970434782608695 0.9664950133628837 0.692695652173913 0.8795819481563565 0.5318260869565218 0.8893596679920909
0 0.6883478260869565 0.8741498815809486 0.8332753623188405 0.8687178150055407 0.8492173913043477 0.8133107359363795 0.8868985507246375 0.8698042283206222 0.8767536231884058 0.9578037068422309 0.6970434782608695 0.9632357734176389
0 0.5042898550724637 0.5797318731938378 0.5115362318840577 0.6210155791669383 0.5434202898550723 0.6166699259066118 0.5521159420289855 0.5797318731938378
0 0.9579130434782608 0.4330660756578232 0.998 0.4272863568215892 0.998 0.6011994002998501 0.9390724637681158 0.5656085000977772
0 0.9086376811594202 0.5666949134128587 0.9419710144927536 0.5666949134128587 0.998 0.6041979010494752 0.998 0.7061469265367316 0.9434202898550723 0.6460030854138148 0.8970434782608695 0.6416574321534884
0 0.9086376811594202 0.6460030854138148 0.94631884057971 0.6449166720987333 0.998 0.7061469265367316 0.998 0.8470764617691154 0.9753043478260868 0.8459031353888272 0.9115362318840577 0.7633357234426265 0.9144347826086955 0.6775090715511809 0.899942028985507 0.6753362449210177
0 0.9129855072463767 0.7665949633878713 0.9028405797101448 0.7807183364839319 0.8535652173913043 0.7807183364839319 0.8477681159420287 0.8143971492514612 0.9593623188405795 0.9252113073897834 0.998 0.9250374812593704 0.998 0.8455772113943029 0.9753043478260868 0.843730308758664
0 0.8883478260869565 0.8654585750602959 0.963710144927536 0.9262977207048649 0.998 0.9235382308845578 0.998 0.9985007496251874 0.906 0.9985007496251874 0.8811014492753623 0.9349890272255176