0 0.09704347826086951 0.1853638398192208 0.3071884057971014 0.20166003954544467 0.3028405797101449 0.001759989570432175 0.0883478260869565 0.0006735762553505852
0 0.30863768115942025 0.20057362623036307 0.5115362318840577 0.20383286617560786 0.514 0 0.304 0
0 0.5115362318840577 0.003932816200595354 0.5144347826086955 0.206005692805771 0.7042898550724638 0.21361058601134217 0.734 0
0 0.7028405797101448 0.21252417269626053 0.8753043478260868 0.23207961236772914 0.9216811594202897 0.001759989570432175 0.7361739130434782 0.001759989570432175
0 0.9245797101449275 0.0006735762553505852 0.998 0.0029985007496251873 0.998 0.2413793103448276 0.8767536231884058 0.2309931990526476
0 0.06950724637681151 0.187536666449384 0.39559420289855063 0.20274645286052623 0.3839999999999999 0.43958455554831277 0.08110144927536225 0.4287204223974969
0 0.428927536231884 0.20383286617560786 0.718782608695652 0.2190426525867501 0.6868985507246376 0.4450166221237207 0.410086956521739 0.4352389022879864
0 0.7144347826086955 0.2157834126415053 0.998 0.24287856071964017 0.9839999999999998 0.45588075527453664 0.7231304347826085 0.4406709688633943 0.6984927536231883 0.4276340090824153
0 0.08979710144927526 0.42980683571257844 0.09704347826086951 0.6416574321534884 0.28110144927536224 0.6383981922082437 0.27965217391304337 0.4341524889729048
0 0.28110144927536224 0.4341524889729048 0.47240579710144925 0.43958455554831277 0.45936231884057954 0.6329661256328357 0.2883478260869565 0.6405710188384068
0 0.4782028985507245 0.43632531560306803 0.6579130434782607 0.44936227538404705 0.6361739130434783 0.6362253655780805 0.4709565217391303 0.6405710188384068
0 0.655014492753623 0.44936227538404705 0.6883478260869565 0.44936227538404705 0.6970434782608695 0.4287204223974969 0.7245797101449275 0.43632531560306803 0.827478260869565 0.4482758620689655 0.792695652173913 0.6362253655780805 0.6245797101449275 0.6318797123177541
0 0.8245797101449275 0.44936227538404705 0.991246376811594 0.45588075527453664 0.9448695652173913 0.6383981922082437 0.792695652173913 0.6351389522629989
0 0.092695652173913 0.6025465528105511 0.07675362318840576 0.6514351519892227 0.08979710144927526 0.846989548703909 0.3593623188405796 0.8198292158268692 0.36660869565217385 0.6383981922082437 0.09849275362318838 0.6438302587836516
0 0.401391304347826 0.6394846055233252 0.38979710144927526 0.8187428025117874 0.6361739130434783 0.8100514959911348 0.6608115942028985 0.6405710188384068
0 0.665159420289855 0.6351389522629989 0.9448695652173913 0.6340525389479172 0.9158840579710142 0.8111379093062164 0.6709565217391302 0.8154835625665428 0.6448695652173912 0.7687677900180345
0 0.092695652173913 0.8415574821285009 0.09704347826086951 0.9980009995002498 0.3550144927536231 0.9784455598287811 0.36660869565217385 0.823088455772114
0 0.36660869565217385 0.823088455772114 0.610086956521739 0.8165699758816243 0.592695652173913 0.9664950133628837 0.35791304347826075 0.9784455598287811
0 0.6057391304347826 0.8741498815809486 0.6347246376811593 0.9730134932533733 0.8637101449275361 0.9588901201573126 0.8897971014492753 0.8143971492514612 0.6753043478260867 0.8187428025117874 0.6448695652173912 0.7741998565934423 0.6361739130434783 0.812224322621298 0.6115362318840578 0.8176563891967059