0 0.25311526479750784 0.004861111111111113 0.24662512980269993 0.05578703703703704 0.0019470404984423678 0.0638888888888889 0.0012980269989615783 0.004861111111111113
0 0.25311526479750784 0.002546296296296298 0.24662512980269993 0.04189814814814816 0.5269989615784009 0.038425925925925926 0.5244029075804777 0.0037037037037037025
0 0.0019470404984423678 0.05925925925925926 0.2576583592938733 0.06273148148148149 0.21157840083073728 0.48865740740740743 0.24467808930425752 0.563888888888889 0.19535306334371755 0.5662037037037038 0.1927570093457944 0.5349537037037038 0 0.5395833333333333
0 0.25960539979231567 0.038425925925925926 0.21157840083073728 0.48865740740740743 0.2459761163032191 0.5650462962962963 0.5244029075804777 0.5534722222222223 0.5399792315680166 0.5569444444444445 0.5373831775700935 0.4793981481481482 0.5399792315680166 0.033796296296296297
0 0.0006490134994807891 0.5372685185185185 0.19470404984423678 0.5372685185185185 0.19470404984423678 0.563888888888889 0.14579439252336449 0.9966666666666667 0 0.9966666666666667
0 0.19535306334371755 0.5662037037037038 0.5231048805815162 0.5511574074074074 0.5289719626168224 0.9966666666666667 0.14732606438213913 0.9956018518518518
0 0.5263499480789201 0.5708333333333333 0.8677310488058152 0.5534722222222223 0.9164070612668743 0.9932870370370371 0.5289460020768433 0.9932870370370371
0 0.8690290758047768 0.5789351851851853 0.9981308411214953 0.57 0.9981308411214953 0.9966666666666667 0.9157580477673937 0.9921296296296297
0 0.5412772585669783 0.06736111111111112 0.8210020768431984 0.015277777777777779 0.9034267912772587 0.45046296296296295 0.8612409138110073 0.5523148148148148 0.569833852544133 0.5604166666666667
0 0.8274922118380063 0.06041666666666667 0.8372274143302181 0.025694444444444454 0.97027518172378 0.0037037037037037025 0.9981308411214953 0 0.9981308411214953 0.5333333333333333 0.9138110072689513 0.5650462962962963 0.8716251298026999 0.5650462962962963 0.865134994807892 0.5453703703703704 0.902128764278297 0.44699074074074074
0 0.5646417445482866 0.0037037037037037025 0.5737279335410177 0.04768518518518519 0.8216510903426792 0.011805555555555559 0.8248961578400831 0.05925925925925926 0.8359293873312565 0.004861111111111113
0 0.8359293873312565 0.004861111111111113 0.8385254413291797 0.019907407407407412 0.9722222222222223 0.0013888888888888928