0 0.05959398496240601 0.3380208446187515 0.1588421052631579 0.32935364347468093 0.17989473684210527 0.4745292626378626 0.06861654135338344 0.4745292626378626
0 0.17237593984962404 0.18092782388247275 0.2768872180451128 0.1711772225953934 0.2904210526315789 0.1798444237394639 0.30245112781954886 0.3336872440467162 0.1821503759398496 0.334770644189725
0 0.29418045112781954 0.1787610235964551 0.39643609022556386 0.16251002145132282 0.40245112781954884 0.32502004290264563 0.30169924812030074 0.33152044376069856
0 0.3941804511278195 0.16792702216636693 0.5077142857142857 0.16034322116530517 0.5189924812030076 0.1722606227384022 0.5227518796992481 0.310935841043531 0.4016992481203008 0.3282702433316721
0 0.5197443609022556 0.14517561916318172 0.6460601503759398 0.1430088188771641 0.6423007518796991 0.30985244090052216 0.5235037593984961 0.3066022404714957
0 0.6490676691729322 0.14084201859114645 0.7746315789473683 0.14084201859114645 0.766360902255639 0.3163528417585751 0.6430526315789473 0.30985244090052216
0 0.7768872180451127 0.11159021472990834 0.9084661654135338 0.11375701501592599 0.9039548872180451 0.29251803861238107 0.7731278195488721 0.29251803861238107
0 0.16109774436090227 0.3423544451907868 0.27312781954887216 0.33152044376069856 0.28290225563909777 0.472362462351845 0.17839097744360902 0.47561266278087144
0 0.2678646616541353 0.3282702433316721 0.3919248120300751 0.3239366427596368 0.4009473684210526 0.4680288617798098 0.2836541353383458 0.48319646378193315
0 0.3919248120300751 0.3304370436176897 0.5069624060150376 0.31960304218760155 0.5107218045112781 0.4658620614937921 0.4016992481203008 0.47994626335290674
0 0.5167368421052632 0.3163528417585751 0.6370375939849623 0.3163528417585751 0.6340300751879699 0.4626118610647656 0.5122255639097745 0.4658620614937921
0 0.6453082706766917 0.3152694416155663 0.6370375939849623 0.4636952612077745 0.7520751879699248 0.4701956620658274 0.7648571428571428 0.32176984247361917
0 0.7731278195488721 0.2968516391844163 0.9069624060150375 0.2946848388983987 0.8956842105263157 0.4658620614937921 0.7753834586466165 0.4626118610647656 0.759593984962406 0.436610257632554
0 0.07463157894736841 0.4810296634959155 0.08666165413533833 0.6164546813720179 0.17613533834586464 0.6175380815150268 0.18816541353383456 0.6088708803709562 0.1821503759398496 0.4745292626378626
0 0.1821503759398496 0.4745292626378626 0.28290225563909777 0.4766960629238802 0.30245112781954886 0.6175380815150268 0.19493233082706762 0.6186214816580355
0 0.2904210526315789 0.48427986392494204 0.3979398496240601 0.4701956620658274 0.40771428571428564 0.6175380815150268 0.30696240601503755 0.6153712812290091
0 0.4047067669172932 0.48536326406795083 0.5152330827067669 0.4701956620658274 0.5114736842105262 0.6207882819440531 0.40395488721804507 0.6153712812290091
0 0.5174887218045112 0.4712790622088362 0.634781954887218 0.4626118610647656 0.6302706766917292 0.621871682087062 0.5197443609022556 0.6132044809429914
0 0.6325263157894736 0.46044506077874797 0.7580902255639097 0.4712790622088362 0.7475639097744361 0.6294554830881237 0.6340300751879699 0.6186214816580355
0 0.7618496240601503 0.4474442590626421 0.7753834586466165 0.4669454616368009 0.8956842105263157 0.4669454616368009 0.8904210526315789 0.621871682087062 0.7565864661654135 0.6121210807999826
0 0.08515789473684211 0.6110376806569738 0.07312781954887217 0.6175380815150268 0.09042105263157893 0.7551298996771466 0.19042105263157896 0.7453792983900673 0.184406015037594 0.6110376806569738
0 0.184406015037594 0.6229550822300708 0.29192481203007514 0.6197048818010443 0.30169924812030074 0.7572966999631644 0.18966917293233082 0.7551298996771466
0 0.29418045112781954 0.6197048818010443 0.41297744360902255 0.6207882819440531 0.4137293233082706 0.7302116963879439 0.3979398496240601 0.752963099391129 0.3009473684210526 0.7497128989621026
0 0.41072180451127815 0.6164546813720179 0.5189924812030076 0.6186214816580355 0.5197443609022556 0.752963099391129 0.4152330827067669 0.7507962991051114
0 0.5204962406015037 0.6164546813720179 0.6340300751879699 0.6251218825160885 0.6295187969924811 0.7572966999631644 0.5242556390977443 0.7540464995341378
0 0.6355338345864662 0.6251218825160885 0.7603458646616541 0.6305388832311326 0.7483157894736842 0.7724643019652878 0.640796992481203 0.7681307013932525 0.6332781954887218 0.7204610951008645
0 0.7573383458646616 0.6088708803709562 0.8911729323308271 0.6251218825160885 0.885157894736842 0.7735477021082967 0.7701203007518796 0.7746311022513055 0.7550827067669172 0.7334618968169703
0 0.0926766917293233 0.7572966999631644 0.10696240601503758 0.885137916838205 0.2009473684210526 0.8753873155511256 0.1956842105263158 0.7562132998201556
0 0.1956842105263158 0.7562132998201556 0.20245112781954885 0.8829711165521874 0.29493233082706766 0.890554917553249 0.3144812030075188 0.866720114407055 0.30846616541353383 0.7551298996771466
0 0.30771428571428566 0.7518796992481203 0.3956842105263158 0.7518796992481203 0.41297744360902255 0.7302116963879439 0.4197443609022556 0.8873047171242227 0.3182406015037594 0.8883881172672314
0 0.4152330827067669 0.752963099391129 0.5227518796992481 0.7540464995341378 0.5250075187969925 0.8883881172672314 0.4227518796992481 0.8873047171242227
0 0.5212481203007517 0.7562132998201556 0.6302706766917292 0.759463500249182 0.6325263157894736 0.890554917553249 0.5280150375939849 0.8862213169812139
0 0.6490676691729322 0.7702975016792702 0.6445563909774435 0.9208901215574959 0.7460601503759398 0.92630712227254 0.7603458646616541 0.7854651036813937 0.7513233082706766 0.7605469003921909 0.7483157894736842 0.7724643019652878
0 0.7701203007518796 0.7724643019652878 0.7738796992481203 0.9057225195553725 0.8874135338345863 0.9122229204134255 0.8934285714285713 0.7659639011072349 0.8866616541353383 0.7486294988190938 0.8866616541353383 0.771380901822279
0 0.11072180451127818 0.8808043162661696 0.11072180451127818 0.9555589261337782 0.17237593984962404 0.9284739225585578 0.21673684210526312 0.9241403219865225 0.20169924812030074 0.8764707156941344
0 0.2077142857142857 0.8808043162661696 0.29117293233082703 0.890554917553249 0.31372932330827064 0.8634699139780285 0.31598496240601504 0.9479751251327164 0.21899248120300752 0.9230569218435137
0 0.31598496240601504 0.8938051179822755 0.41673684210526313 0.8916383176962579 0.41673684210526313 0.9577257264197958 0.3182406015037594 0.9588091265628047
0 0.4197443609022556 0.8873047171242227 0.5280150375939849 0.8916383176962579 0.5310225563909775 0.9945613312820958 0.5001954887218045 0.9653095274208575 0.42124812030075187 0.9533921258477605
0 0.5287669172932331 0.8927217178392667 0.6295187969924811 0.8894715174102402 0.6370375939849623 0.8602197135490022 0.6423007518796991 0.9956447314251046 0.5287669172932331 0.9934779311390868
0 0.6453082706766917 0.9187233212714784 0.7423007518796992 0.92630712227254 0.7610977443609022 0.8959719182682933 0.7904210526315788 0.9165565209854607 0.79 0.9971181556195965 0.644 0.9971181556195965
0 0.7904210526315788 0.9089727199843991 0.8866616541353383 0.9143897206994431 0.8889172932330827 0.8645533141210374 0.9099699248120301 0.9230569218435137 0.906 0.9971181556195965 0.7896691729323307 0.9934779311390868
0 0.9663609022556391 0.861303113692011 0.998 0.8213256484149856 0.998 0.9971181556195965 0.9746315789473683 0.9945613312820958 0.9520751879699249 0.9436415245606812
0 0.08816541353383457 0.07258780958159086 0.1182406015037594 0.07258780958159086 0.11448120300751878 0.0032502004290264567 0.08440601503759398 0.0021668002860176375
0 0.11523308270676691 0.004333600572035275 0.11899248120300751 0.07583801001061731 0.15282706766917292 0.0693376091525644 0.14906766917293232 0.0010834001430088188
0 0.14906766917293232 0.0010834001430088188 0.1550827067669173 0.06825420900955559 0.1813984962406015 0.0693376091525644 0.1791428571428571 0.004333600572035275
0 0.1791428571428571 0 0.18290225563909773 0.07042100929557323 0.22425563909774435 0.06500400858052913 0.222 0.005417000715044094
0 0.09192481203007517 0.07150440943858205 0.11673684210526315 0.07258780958159086 0.13177443609022554 0.3011852397564516 0.10320300751879699 0.30226863989946046
0 0.11974436090225564 0.07150440943858205 0.1520751879699248 0.07150440943858205 0.15733834586466164 0.2968516391844163 0.1370375939849624 0.29793503932742516
0 0.14906766917293232 0.07042100929557323 0.18290225563909773 0.07042100929557323 0.18515789473684208 0.1787610235964551 0.1738796992481203 0.1776776234534463 0.1768872180451128 0.2968516391844163 0.16109774436090227 0.29251803861238107
0 0.184406015037594 0.07042100929557323 0.21297744360902254 0.06608740872353794 0.21673684210526312 0.1711772225953934 0.18741353383458648 0.17442742302441983
0 0.21297744360902254 0.06283720829451149 0.2438045112781955 0.06608740872353794 0.25809022556390976 0.09642261272778488 0.25658646616541353 0.1722606227384022 0.21598496240601503 0.17442742302441983
0 0.10245112781954888 0.3011852397564516 0.1370375939849624 0.29793503932742516 0.13778947368421052 0.3239366427596368 0.10470676691729323 0.32718684318866326
0 0.13553383458646615 0.2968516391844163 0.17463157894736842 0.2968516391844163 0.1776390977443609 0.3239366427596368 0.14154887218045112 0.3282702433316721
0 0.8362857142857142 0.006500400858052913 0.8362857142857142 0.10725661415787306 0.8821503759398496 0.10508981387185541 0.8829022556390977 0.007583801001061732
0 0.8836541353383458 0.0032502004290264567 0.9302706766917292 0.004333600572035275 0.9250075187969924 0.18201122402548156 0.9084661654135338 0.18092782388247275 0.9114736842105262 0.11592381530194362 0.8821503759398496 0.10834001430088187
0 0.9671127819548871 0.0032502004290264567 0.9648571428571429 0.1776776234534463 0.9257593984962406 0.1798444237394639 0.9310225563909773 0.005417000715044094
0 0.965609022556391 0.0010834001430088188 0.998 0 0.998 0.17002881844380405 0.9678646616541353 0.1711772225953934
0 0.9069624060150375 0.18201122402548156 0.9265112781954886 0.1787610235964551 0.9189924812030075 0.34668804576282203 0.9047067669172931 0.3477714459058308
0 0.9265112781954886 0.1776776234534463 0.9671127819548871 0.17659422331043745 0.9678646616541353 0.3445212454768044 0.922 0.3445212454768044
0 0.9671127819548871 0.17659422331043745 0.998 0.17002881844380405 0.998 0.34293948126801155 0.9686165413533834 0.3401876449047691
0 0.9084661654135338 0.34885484604883965 0.922 0.3477714459058308 0.9212481203007518 0.49078026478299497 0.8949323308270676 0.4940304652120214
0 0.9242556390977443 0.34560464561981324 0.9663609022556391 0.34668804576282203 0.9603458646616541 0.49186366492600375 0.9227518796992481 0.49186366492600375
0 0.9663609022556391 0.3423544451907868 0.998 0.34293948126801155 0.998 0.48703170028818443 0.9580902255639099 0.48753006435396845