0 0.0042898550724637515 0.024574669187145556 0.22168115942028976 0.041957282228450986 0.21153623188405787 0.001759989570432175 0 0.0014992503748125937
0 0.21298550724637674 0.0006735762553505852 0.22168115942028976 0.03978445559828781 0.44486956521739124 0.05716706863959325 0.44486956521739124 0.006105642830758533
0 0.05066666666666663 0.03109314907763509 0.07820289855072463 0.18862307976446557 0 0.18290854572713644 0 0.026986506746626688
0 0.09414492753623188 0.03109314907763509 0.10863768115942025 0.18427742650413922 0.455014492753623 0.1973143862851183 0.44631884057971 0.061512721899919603
0 0.2521159420289854 0.19079590639462876 0.2695072463768115 0.3418073571909697 0.01878260869565213 0.34072094387588814 0 0.2593703148425787 0.001391304347826008 0.18210459987397604
0 0.2535652173913043 0.187536666449384 0.48110144927536225 0.20383286617560786 0.4955942028985505 0.33420246398539855 0.25936231884057964 0.33637529061556176
0 0.13907246376811588 0.3428937705060513 0.15501449275362314 0.48195467483649473 0 0.4947526236881559 0 0.34182908545727136
0 0.14776811594202888 0.3418073571909697 0.5042898550724637 0.333116050670317 0.5129855072463767 0.46131282184994454 0.19124637681159412 0.4776090215761684 0.156463768115942 0.4656584751102709
0 0.06950724637681151 0.48521391478173953 0.08399999999999988 0.6307932990026726 0 0.6416791604197901 0 0.4917541229385307
0 0.06805797101449275 0.49281880798731065 0.15356521739130427 0.48521391478173953 0.15791304347826077 0.4645720617951893 0.19124637681159412 0.47978184820633163 0.3187826086956521 0.4765226082610868 0.337623188405797 0.6090650327010407 0.08255072463768112 0.6318797123177541
0 0.3158840579710144 0.4743497816309236 0.5260289855072463 0.4591399952197814 0.5419710144927535 0.5873367663994089 0.3231304347826086 0.6068922060708776
0 0.20718840579710138 0.6231884057971014 0.21733333333333327 0.7492123503465657 0.0042898550724637515 0.7872368163744214 0.0028405797101448797 0.6383981922082437
0 0.210086956521739 0.624274819112183 0.21153623188405787 0.7470395237164027 0.5419710144927535 0.7133607109488733 0.5419710144927535 0.5884231797144905
0 0.20863768115942025 0.7513851769767289 0.21443478260869564 0.8861004280468462 0 0.9160419790104948 0.0028405797101448797 0.7894096430045845
0 0.21153623188405787 0.7513851769767289 0.5390724637681158 0.714447124263955 0.5361739130434783 0.8350390022380114 0.20718840579710138 0.8839276014166829
0 0.2245797101449275 0.8817547747865196 0.238 0.9985007496251874 0 0.9985007496251874 0.0028405797101448797 0.9154335875540489
0 0.22602898550724626 0.8850140147317644 0.5448695652173913 0.830693348977685 0.547768115942029 0.9512852269517414 0.3434202898550724 0.9980009995002498 0.24052173913043476 0.9980009995002498
0 0.34486956521739126 0.9980009995002498 0.5521159420289855 0.9534580535819046 0.5506666666666665 0.9958281728700866
0 0.456463768115942 0.12017904091432544 0.47675362318840575 0.11474697433891749 0.484 0.20274645286052623 0.4579130434782608 0.19840079960019988
0 0.47240579710144925 0.11474697433891749 0.6071884057971013 0.03326597570779827 0.8086376811594203 0.05825348195467483 0.801391304347826 0.19296873302479192 0.5984927536231882 0.17993177324381285 0.48979710144927524 0.21252417269626053
0 0.801391304347826 0.05716706863959325 0.9854492753623187 0.07346326836581708 0.9796521739130433 0.1962279729700367 0.8042898550724638 0.1962279729700367
0 0.9796521739130433 0.07454968168089868 0.998 0.0734632683658171 0.998 0.19790104947526238 0.9796521739130433 0.1973143862851183
0 0.48544927536231874 0.21143775938117898 0.6028405797101448 0.1777589466136497 0.8868985507246375 0.19840079960019988 0.8796521739130433 0.32659757077982743 0.5811014492753622 0.3211655042044195 0.4984927536231883 0.3298568107250722
0 0.8868985507246375 0.1940551463398735 0.998 0.20089955022488756 0.998 0.32983508245877063 0.8854492753623188 0.327683984094909
0 0.5115362318840577 0.33746170393064334 0.5941449275362317 0.32442474414966427 0.7897971014492753 0.32877039740999064 0.791246376811594 0.4580535819046998 0.592695652173913 0.4645720617951893 0.520231884057971 0.45153510201421027
0 0.7868985507246375 0.3298568107250722 0.9680579710144925 0.3255111574647459 0.9622608695652173 0.4471894487538839 0.7941449275362318 0.46131282184994454
0 0.9622608695652173 0.32877039740999064 0.9897971014492752 0.32659757077982743 0.9941449275362317 0.44936227538404705 0.963710144927536 0.4471894487538839
0 0.5332753623188405 0.454794341959455 0.5984927536231882 0.46348564848010776 0.7854492753623188 0.46131282184994454 0.7811014492753623 0.5862503530843273 0.5970434782608695 0.5982008995502248 0.5434202898550723 0.5819046998240011
0 0.7796521739130433 0.46131282184994454 0.9579130434782608 0.4504486886991287 0.9521159420289853 0.5666949134128587 0.7811014492753623 0.5829911131390826
0 0.9622608695652173 0.4471894487538839 0.998 0.44677661169415295 0.998 0.5622188905547226 0.9492173913043478 0.5677813267279403
0 0.5434202898550723 0.5808182865089194 0.5999420289855073 0.5960280729200617 0.8637101449275361 0.5829911131390826 0.8637101449275361 0.7014101644829759 0.5984927536231882 0.73834821719575 0.537623188405797 0.7101014710036285
0 0.8622608695652173 0.5797318731938378 0.998 0.5652173913043478 0.998 0.6761619190404797 0.8680579710144926 0.7003237511678942
0 0.5405217391304348 0.7079286443734654 0.6071884057971013 0.7372618038806683 0.856463768115942 0.7014101644829759 0.8550144927536231 0.8220020424570322 0.6057391304347826 0.8687178150055407 0.5390724637681158 0.8263476957173587
0 0.8608115942028985 0.7079286443734654 0.998 0.6821589205397302 0.998 0.7946026986506747 0.8550144927536231 0.8241748690871955
0 0.54631884057971 0.8274341090324402 0.6086376811594203 0.8698042283206222 0.7811014492753623 0.8372118288681745 0.7984927536231883 0.8415574821285009 0.7883478260869565 0.9578037068422309 0.618782608695652 0.9969145861851682 0.556463768115942 0.9491124003215783
0 0.7868985507246375 0.8372118288681745 0.9535652173913043 0.8089650826760533 0.9506666666666665 0.9100015209786411 0.791246376811594 0.9610629467874758
0 0.955014492753623 0.8078786693609717 0.998 0.7931034482758621 0.998 0.9055472263868066 0.973855072463768 0.9154335875540489 0.9535652173913043 0.9056558677183146
0 0.5593623188405795 0.9534580535819046 0.6173333333333333 0.9958281728700866 0.8782028985507245 0.9371618538556808 0.8854492753623188 0.9980009995002498 0.547768115942029 0.9925689329248418
0 0.8811014492753623 0.9360754405405991 0.998 0.9070464767616192 0.998 0.9955022488755623 0.8883478260869565 0.9958281728700866