0 0.002455284552845541 0.05203252032520325 0.4081463414634146 0.05420054200542005 0.40977235772357723 0.0032520325203252032 0.004081300813008141 0.001084010840108401
0 0.14229268292682928 0.055284552845528454 0.006520325203252042 0.0867208672086721 0.0626178861788618 0.5560975609756097 0 0.544 0.003268292682926841 0.04986449864498645
0 0.14635772357723578 0.05203252032520325 0.406520325203252 0.05094850948509485 0.43172357723577237 0.0953929539295393 0.43091056910569103 0.5886178861788618 0.0674959349593496 0.5593495934959349 0.008959349593495943 0.0921409214092141
0 0.41058536585365857 0.005420054200542006 0.40570731707317076 0.057452574525745266 0.8179024390243902 0.07371273712737128 0.8244065040650406 0
0 0.8244065040650406 0 0.8195284552845529 0.07371273712737128 0.998 0.07733333333333334 0.998 0.0026666666666666666
0 0.4292845528455284 0.0921409214092141 0.4544878048780488 0.06937669376693767 0.8837560975609756 0.07588075880758809 0.8276585365853658 0.6168021680216802 0.42278048780487804 0.5842818428184282
0 0.8878211382113822 0.07371273712737128 0.998 0.08 0.998 0.6133333333333333 0.830910569105691 0.6146341463414634
0 0.06424390243902439 0.5582655826558266 0.05123577235772359 0.5799457994579945 0.10652032520325204 0.9116531165311653 0 0.9173333333333333 0 0.5493333333333333
0 0.065869918699187 0.5582655826558266 0.43578861788617884 0.5886178861788618 0.4382276422764228 0.9127371273712738 0.10326829268292684 0.9181571815718157 0.05367479674796749 0.5842818428184282
0 0.43904065040650403 0.5853658536585367 0.8341626016260162 0.6168021680216802 0.7992032520325204 0.9192411924119243 0.44066666666666665 0.9116531165311653
0 0.830910569105691 0.6200542005420054 0.998 0.6106666666666667 0.998 0.9146666666666666 0.7967642276422764 0.910569105691057