0 0.1764390243902439 0.002168021680216802 0.1764390243902439 0.12032520325203253 0 0.11733333333333333 0 0.0026666666666666666
0 0.17806504065040651 0 0.1788780487804878 0.12249322493224933 0.49107317073170736 0.12249322493224933 0.5748130081300814 0.11707317073170732 0.5699349593495936 0.004336043360433604
0 0.5731869918699187 0.007588075880758808 0.5715609756097562 0.1094850948509485 0.8260325203252032 0.0997289972899729 0.8211544715447154 0.0032520325203252032
0 0.8244065040650406 0.004336043360433604 0.8276585365853658 0.10298102981029811 0.998 0.10933333333333334 0.998 0.005333333333333333
0 0.002455284552845541 0.11490514905149053 0.2447317073170732 0.12574525745257453 0.23985365853658538 0.3815718157181572 0 0.3626666666666667
0 0.24391869918699188 0.12357723577235773 0.4935121951219512 0.12899728997289972 0.4805040650406504 0.389159891598916 0.2431056910569106 0.3750677506775068
0 0.49513821138211384 0.12357723577235773 0.8992032520325204 0.1073170731707317 0.8772520325203252 0.36964769647696477 0.48944715447154474 0.3739837398373984
0 0.9016422764227643 0.10623306233062331 0.998 0.11466666666666667 0.998 0.376 0.882130081300813 0.37073170731707317
0 0.09269918699186991 0.36964769647696477 0.09676422764227643 0.5983739837398374 0 0.5946666666666667 0.002455284552845541 0.3631436314363144
0 0.09351219512195123 0.37289972899729 0.4691219512195122 0.389159891598916 0.46017886178861794 0.6146341463414634 0.09757723577235775 0.5994579945799459
0 0.4772520325203252 0.383739837398374 0.7300975609756097 0.3794037940379404 0.7252195121951219 0.6157181571815719 0.4870081300813008 0.6157181571815719
0 0.7341626016260162 0.37289972899729 0.998 0.37866666666666665 0.998 0.6426666666666667 0.7447317073170732 0.6265582655826558
0 0.217089430894309 0.6059620596205962 0.21627642276422768 0.8390243902439024 0 0.8213333333333334 0 0.592
0 0.21465040650406503 0.6048780487804878 0.45367479674796746 0.6189701897018971 0.447170731707317 0.8357723577235773 0.22521951219512198 0.8292682926829269
0 0.48294308943089437 0.6135501355013551 0.8349756097560976 0.6319783197831979 0.8382276422764228 0.8422764227642277 0.4715609756097562 0.8368563685636856
0 0.8366016260162602 0.6276422764227643 0.998 0.6426666666666667 0.998 0.8506666666666667 0.8422926829268292 0.8422764227642277
0 0.08863414634146341 0.8314363143631437 0.09188617886178861 0.9951219512195122 0 0.9946666666666667 0.0008292682926829258 0.821680216802168
0 0.08863414634146341 0.8303523035230352 0.447170731707317 0.8379403794037941 0.44391869918699184 0.997289972899729 0.09513821138211384 0.9929539295392954
0 0.47643902439024394 0.8357723577235773 0.706520325203252 0.8390243902439024 0.7024552845528456 0.997289972899729 0.4723739837398374 0.997289972899729
0 0.7097723577235772 0.8455284552845528 0.998 0.8506666666666667 0.998 0.9973333333333333 0.706520325203252 0.9951219512195122