0 0.020344827586206905 0.03788124770006711 0.21421455938697317 0.01839946316860402 0.224176245210728 0.20239409485464424 0.02954022988505747 0.2067233803060805
0 0.21881226053639846 0.021646427257181203 0.3299233716475096 0 0.4739846743295019 0.00108232136285906 0.47475095785440613 0.18832391713747648 0.22187739463601536 0.2013117734917852
0 0.4847126436781609 0.00216464272571812 0.4854789272030652 0.1926532025889127 0.7973563218390805 0.16126588306599995 0.8065517241379311 0.17317141805744962 0.8149808429118774 0
0 0.021877394636015325 0.2067233803060805 0.025708812260536406 0.3744831915492348 0.2264750957854406 0.3788124770006711 0.2203448275862069 0.20347641621750331
0 0.2203448275862069 0.20022945212892612 0.477816091954023 0.1872415957746174 0.48241379310344823 0.3755655129120939 0.4609578544061303 0.3885533692664026 0.22724137931034483 0.3820594410892482
0 0.4854789272030652 0.19157088122605365 0.7889272030651341 0.16451284715457715 0.8119157088122606 0.17641838214602681 0.8103831417624522 0.3701539060977986 0.7850957854406131 0.38747104790354353 0.4854789272030652 0.38747104790354353
0 0.04333333333333334 0.3755655129120939 0.05252873563218392 0.5314197891637985 0.22724137931034483 0.5487369309695435 0.2249425287356322 0.3820594410892482
0 0.2249425287356322 0.3820594410892482 0.4571264367816092 0.38747104790354353 0.4854789272030652 0.3788124770006711 0.47015325670498087 0.40045890425785224 0.47245210727969356 0.5909474641210468 0.22570881226053643 0.5595601445981341
0 0.4808812260536399 0.3853064051778254 0.7797318007662836 0.3885533692664026 0.7988888888888889 0.3820594410892482 0.7973563218390805 0.5649717514124294 0.7720689655172414 0.6093469272896509 0.4739846743295019 0.5866181786696106 0.46785440613026824 0.40370586834642946
0 0.004252873563218401 0.3355196224863086 0.02264367816091955 0.33227265839773146 0.02724137931034484 0.3723185488235167 0.04486590038314176 0.3723185488235167 0.05022988505747128 0.5260081823495033 0.03950191570881228 0.5736303223153019 0.0034865900383141764 0.57579496504102
0 0.037203065134099614 0.5725480009524428 0.049463601532567056 0.6439812109011408 0.04639846743295018 0.6894387081412213 0.03260536398467434 0.7024265644955301 0.037969348659003845 0.8236465571357448 0.002720306513409966 0.827975842587181 0.0034865900383141764 0.5736303223153019
0 0.04869731800766283 0.5335844318895167 0.22570881226053643 0.5519838950581206 0.22877394636015327 0.7219083490269932 0.04716475095785441 0.6851094226897851
0 0.22800766283524904 0.5606424659609932 0.4594252873563219 0.5887828213953287 0.4540613026819924 0.7662835249042146 0.2318390804597701 0.7284022772041475
0 0.47475095785440613 0.5855358573067515 0.47934865900383145 0.7727774530813689 0.7621072796934866 0.8041647726042818 0.7804980842911877 0.7403078121955972 0.7850957854406131 0.5898651427581878 0.7736015325670499 0.6082646059267918
0 0.045632183908045985 0.6807801372383488 0.02954022988505747 0.7078381713098253 0.040268199233716474 0.8593631621100937 0.22724137931034483 0.8907504816330065 0.224176245210728 0.7251553131155702
0 0.2249425287356322 0.7251553131155702 0.22877394636015327 0.8939974457215836 0.4609578544061303 0.9448665497759595 0.463256704980843 0.7695304889927919
0 0.463256704980843 0.7695304889927919 0.7582758620689656 0.8030824512414226 0.7613409961685824 0.8939974457215836 0.746 0.9971751412429378 0.463256704980843 0.9459488711388185