0 0.15066666666666662 0.04304369554353258 0.38689855072463764 0.03978445559828781 0.428927536231884 0.25272146535427936 0.18399999999999989 0.2635855985050953
0 0.4216811594202898 0.01262412272124807 0.401391304347826 0.09953718792777523 0.428927536231884 0.248375812093953 0.610086956521739 0.26141277187493206 0.6303768115942028 0.04413010885861417
0 0.6361739130434783 0.04630293548877734 0.6579130434782607 0.03761162896812463 0.8405217391304347 0.04521652217369576 0.8303768115942027 0.25380787866936094 0.610086956521739 0.2548942919844426
0 0.18110144927536226 0.2679312517654216 0.4042898550724636 0.2516350520391978 0.4419710144927535 0.4710905416856789 0.21733333333333327 0.48955956804206585
0 0.41878260869565204 0.2766225582860743 0.43907246376811576 0.272276905025748 0.6405217391304348 0.2581535319296873 0.6535652173913042 0.4591399952197814 0.4709565217391303 0.4710905416856789 0.44486956521739124 0.46891771505551566
0 0.6405217391304348 0.25380787866936094 0.8303768115942027 0.25380787866936094 0.837623188405797 0.4276340090824153 0.6608115942028985 0.4482758620689655
0 0.1753043478260869 0.4841275014666579 0.220231884057971 0.4776090215761684 0.22168115942028976 0.49390522130239223 0.38979710144927526 0.47543619494600525 0.4057391304347825 0.5015101145079633 0.4042898550724636 0.6644721117702018 0.18399999999999989 0.6872867913869152 0.165159420289855 0.5058557677682898
0 0.401391304347826 0.4776090215761684 0.5782028985507245 0.47000412837059724 0.6303768115942028 0.4841275014666579 0.6390724637681158 0.6579536318797122 0.44342028985507226 0.6720770049757729 0.410086956521739 0.6470894987288963
0 0.6231304347826085 0.48195467483649473 0.6521159420289855 0.4667448884253525 0.8086376811594203 0.4623992351650261 0.856463768115942 0.4721769550007604 0.8521159420289852 0.6470894987288963 0.673855072463768 0.6579536318797122 0.6361739130434783 0.6394846055233252
0 0.18255072463768113 0.6862003780718335 0.21443478260869564 0.8600265084848879 0.428927536231884 0.8154835625665428 0.40718840579710136 0.6677313517154466
0 0.22747826086956513 0.8589400951698064 0.24052173913043476 0.9914825196097603 0.465159420289855 0.9958281728700866 0.46371014492753626 0.8404710688134193 0.456463768115942 0.8154835625665428 0.44052173913043474 0.8426438954435824 0.43037681159420277 0.8165699758816243
0 0.44921739130434774 0.6753362449210177 0.44921739130434774 0.7807183364839319 0.501391304347826 0.849162375334072 0.6695072463768115 0.8176563891967059 0.6579130434782607 0.6546943919344675 0.6361739130434783 0.6536079786193859
0 0.6622608695652172 0.6536079786193859 0.8477681159420287 0.648175912043978 0.8506666666666665 0.6318797123177541 0.8796521739130433 0.661212871824957 0.856463768115942 0.8078786693609717 0.6709565217391302 0.8089650826760533
0 0.4955942028985505 0.8502487886491537 0.5144347826086955 0.9980009995002498 0.5405217391304348 0.9686678399930468 0.718782608695652 0.9567172935271494 0.7057391304347825 0.812224322621298 0.6695072463768115 0.8057058427308085 0.6666086956521737 0.8220020424570322