0 0.025769230769230718 0.10707796140867007 0.060384615384615245 0.31041792852816474 0.004615384615384528 0.316907501946872 0.0007692307692307168 0.11356753482737733
0 0.025769230769230718 0.09518041014104006 0.3969230769230769 0.10166998355974734 0.4161538461538462 0.2963571861209656 0.058461538461538336 0.29960197283031925
0 0.38730769230769213 0.09734360128060915 0.998 0.09898762654668167 0.998 0.281214848143982 0.42576923076923073 0.29203080384182745
0 0.062307692307692376 0.2985203772605347 0.10461538461538453 0.4899627931123994 0.6507692307692308 0.4704940728562776 0.6507692307692308 0.2952755905511811
0 0.6623076923076922 0.31041792852816474 0.8411538461538461 0.2887860171324738 0.989230769230769 0.29743878169075016 0.9757692307692307 0.46833088171670845 0.6623076923076922 0.47590205070520025
0 0.008461538461538453 0.3136627152375184 0.05653846153846143 0.30825473738859566 0.10269230769230762 0.4802284329843385 0 0.48368953880764903
0 0.10076923076923072 0.47590205070520025 0.12 0.6262438349052522 0 0.6287964004499438 0 0.4870641169853768
0 0.0988461538461538 0.4856364108332612 0.42769230769230765 0.481310028554123 0.4315384615384614 0.6413861728822358 0.11230769230769237 0.6500389374405122
0 0.4296153846153845 0.481310028554123 0.6584615384615383 0.4704940728562776 0.9584615384615384 0.46833088171670845 0.9526923076923076 0.6229990481958986 0.42576923076923073 0.6403045773124513
0 0.9584615384615384 0.4650860950073548 0.9969230769230769 0.46833088171670845 0.9930769230769231 0.6392229817426667 0.9526923076923076 0.6208358570563295
0 0.004615384615384528 0.629488621614606 0.12192307692307691 0.6240806437656831 0.13730769230769238 0.7755040235355196 0 0.7862767154105736
0 0.13730769230769238 0.6522021285800813 0.1507692307692307 0.8057886994894868 0.6584615384615383 0.7819935969542268 0.6584615384615383 0.6370597906030977
0 0.6603846153846152 0.6381413861728822 0.945 0.6240806437656831 0.9623076923076922 0.6348965994635286 0.9661538461538461 0.7722592368261659 0.6815384615384614 0.7884831703729341 0.6584615384615383 0.7765856191053041
0 0.9584615384615384 0.6370597906030977 0.9930769230769231 0.6392229817426667 0.995 0.7819935969542268 0.9661538461538461 0.7711776412563814
0 0.13346153846153833 0.7765856191053041 0.16615384615384618 0.9463961235614778 0.17769230769230762 0.9929047330622133 0.0007692307692307168 0.9972311153413516 0.0007692307692307168 0.7884831703729341
0 0.1469230769230769 0.8090334861988404 0.45846153846153836 0.7928095526520723 0.4642307692307693 0.9301721900147096 0.17 0.9572120792593234
0 0.45653846153846145 0.7960543393614259 0.6661538461538462 0.7798304058146577 0.6853846153846153 0.786319979233365 0.9411538461538462 0.7722592368261659 0.9373076923076922 0.8966427273513888 0.45461538461538453 0.9269274033053561
0 0.1719230769230769 0.9561304836895388 0.6776923076923076 0.9139482564679415 0.6834615384615383 0.9961495197715671 0.17961538461538454 0.9972311153413516
0 0.6738461538461538 0.915029852037726 0.9392307692307691 0.8955611317816041 0.9411538461538462 0.9972311153413516 0.6776923076923076 0.9939863286319979
0 0.9392307692307691 0.7733408323959505 0.9661538461538461 0.7700960456865968 0.998 0.78177727784027 0.998 0.9291338582677166 0.945 0.8901531539326815
0 0.945 0.8901531539326815 0.9969230769230769 0.9312537855844942 0.9911538461538462 0.9961495197715671 0.9392307692307691 0.9929047330622133