0 0.2409933774834437 0.11470371813184434 0.36218543046357615 0.1255248236159806 0.3601986754966887 0.18071246158507553 0.3641721854304636 0.2910877375232654 0.19132450331125828 0.2900056269748517 0.20523178807947018 0.16556291390728478
0 0.37410596026490067 0.07466562784054019 0.3608609271523179 0.10821105484136258 0.3674834437086093 0.18504090377873003 0.5502649006622516 0.17638401939142104 0.5515894039735099 0.08765095442150371
0 0.36549668874172186 0.1828766826819028 0.3714569536423841 0.26728130545816564 0.5476158940397351 0.25321386832878845 0.5476158940397351 0.1828766826819028
0 0.5588741721854305 0.11470371813184434 0.6436423841059602 0.11903216032549886 0.6476158940397351 0.19369778816603905 0.560860927152318 0.21642210968272516
0 0.6767549668874172 0.11795004977708522 0.794635761589404 0.11795004977708522 0.7966225165562915 0.24780331558672036 0.6780794701986755 0.25646019997402936
0 0.5595364238410595 0.2175042202311388 0.6734437086092715 0.2012725620049344 0.6754304635761589 0.3224689434272605 0.5641721854304637 0.33653638055663765
0 0.3959602649006623 0.28675929532961086 0.560860927152318 0.25646019997402936 0.5628476821192053 0.3343721594598104 0.3952980132450331 0.36899969700904645
0 0.2105298013245033 0.292169848071679 0.194635761589404 0.3203047223304333 0.20721854304635762 0.43176210881703675 0.3827152317880794 0.41120200839717785 0.39264900662251656 0.37008180755746006 0.3893377483443709 0.2694455265549929 0.3608609271523179 0.29758040081374715
0 0.3880132450331126 0.3938882396225598 0.47079470198675494 0.3527680387828421 0.5356953642384106 0.3430290438471194 0.5568874172185431 0.43933688265593207 0.3886754966887417 0.5183309526901269 0.3635099337748344 0.416612561139246
0 0.560860927152318 0.3332900489113968 0.5601986754966888 0.45665065143055017 0.6794039735099338 0.44691165649482756 0.676092715231788 0.32787949616932865
0 0.6780794701986755 0.2553780894256157 0.8204635761589404 0.2510496472319612 0.8224503311258278 0.3949703501709735 0.6787417218543046 0.3960524607193871
0 0.6800662251655628 0.40146301346145524 0.8231125827814569 0.3960524607193871 0.8250993377483444 0.5215772843353678 0.6979470198675497 0.5345626109163313 0.6694701986754967 0.5269878370774358 0.6681456953642385 0.44691165649482756 0.6820529801324503 0.44474743539800027
0 0.35887417218543044 0.4155304505908323 0.3562251655629139 0.5746007012076354 0.19794701986754967 0.5605332640782582 0.1972847682119205 0.4209410033329005 0.20721854304635762 0.43176210881703675
0 0.19596026490066226 0.5562048218846037 0.2019205298013245 0.6838938665974116 0.3443046357615894 0.691468640436307 0.3714569536423841 0.6579232134354845 0.3714569536423841 0.572436480110808
0 0.3813907284768212 0.5129203999480587 0.3648344370860927 0.5334805003679176 0.385364238410596 0.8050902480197376 0.480728476821192 0.804008137471324 0.4681456953642384 0.48586763623771806 0.3906622516556291 0.5215772843353678
0 0.47079470198675494 0.48370341514089077 0.5198013245033112 0.46206120417261826 0.637682119205298 0.4501579881400684 0.6449668874172185 0.5702722590139808 0.47344370860927154 0.5908323594338398
0 0.47079470198675494 0.5919144699822534 0.6443046357615895 0.5681080379171536 0.6482781456953642 0.7185214041466477 0.47410596026490065 0.7455741678569883
0 0.6390066225165563 0.49344241007661344 0.6681456953642385 0.49019607843137253 0.6688079470198676 0.5291520581742631 0.7045695364238411 0.5356447214647448 0.823774834437086 0.5194130632385404 0.8125165562913907 0.7325888412760247 0.6496026490066226 0.7336709518244383
0 0.20324503311258277 0.6860580876942388 0.3443046357615894 0.6882223087910662 0.3747682119205298 0.6535947712418301 0.38403973509933775 0.7910228108903605 0.2118543046357616 0.7975154741808423
0 0.2105298013245033 0.7975154741808423 0.3429801324503311 0.7942691425356014 0.342317880794702 0.9262866294420639 0.3350331125827814 0.9555036142492317 0.22112582781456952 0.9414361771198546
0 0.3416556291390729 0.7931870319871879 0.38337748344370864 0.7888585897935333 0.3820529801324503 0.8029260269229105 0.4794039735099338 0.8018439163744968 0.4833774834437086 0.7542310522442973 0.49662251655629136 0.7455741678569883 0.49264900662251654 0.9598320564428863 0.34099337748344366 0.9641604986365406
0 0.49662251655629136 0.7444920573085747 0.4933112582781457 0.9619962775397134 0.6111920529801325 0.9555036142492317 0.6204635761589404 0.7304246201791975
0 0.623774834437086 0.7390815045665065 0.809205298013245 0.7315067307276112 0.8052317880794703 0.8202397956975285 0.7939735099337748 0.9490109509587499 0.613841059602649 0.9522572826039909